year,type,count,calfCount,utmX,utmY
1989,BB,3.00,0.00,305680.51,7522142.61
1989,BB,4.00,0.00,309333.12,7522420.62
1989,OB,5.00,0.00,319178.77,7524155.63
1989,E,1.00,0.00,308710.14,7520330.83
1989,BB,2.00,0.00,311505.83,7519911.09
1989,BB,5.00,0.00,308730.01,7518725.20
1989,OB,1.00,0.00,308100.40,7518019.66
1989,BB,2.00,0.00,305738.54,7517524.98
1989,BB,2.00,0.00,309829.16,7516424.09
1989,BB,6.00,0.00,308559.69,7515024.01
1989,BB,2.00,0.00,304091.18,7512664.23
1989,BB,14.00,0.00,312871.16,7513459.99
1989,BB,2.00,0.00,314370.85,7513710.69
1989,BB,9.00,0.00,314376.32,7513256.69
1989,BB,8.00,0.00,314171.42,7512323.94
1989,BB,1.00,0.00,317584.42,7513516.49
1989,BB,2.00,0.00,319097.67,7512615.14
1989,OB,3.00,0.00,294706.48,7508621.15
1989,OB,1.00,0.00,294712.69,7508156.04
1989,OB,2.00,0.00,291730.35,7506498.81
1989,OB,5.00,0.00,292171.71,7505818.06
1989,BB,4.00,0.00,295157.04,7507242.65
1989,OB,1.00,0.00,296662.13,7507030.04
1989,OB,1.00,0.00,296662.13,7507030.04
1989,OB,12.00,0.00,296877.10,7506335.10
1989,OB,1.00,0.00,302218.80,7507789.22
1989,BB,1.00,0.00,311655.23,7507686.20
1989,BB,9.00,0.00,313143.18,7508856.15
1989,BB,2.00,0.00,320456.56,7506407.18
1989,BB,2.00,0.00,324071.42,7508752.44
1989,BB,2.00,0.00,308521.65,7500725.48
1989,BB,3.00,0.00,309795.58,7501660.58
1989,BB,3.00,0.00,314748.25,7500336.85
1989,BB,2.00,0.00,328263.95,7498190.84
1989,E,1.00,0.00,307648.04,7502320.46
1989,E,1.00,0.00,301076.49,7496698.76
1989,OB,1.00,0.00,298518.48,7495745.99
1989,OB,1.00,0.00,290383.76,7495869.27
1989,OB,2.00,0.00,291659.46,7496573.44
1989,BB,1.00,0.00,293569.41,7497529.73
1989,OB,1.00,0.00,293810.25,7495683.24
1989,OB,1.00,0.00,292982.04,7493822.30
1989,OB,7.00,0.00,291058.99,7493109.39
1989,OB,1.00,0.00,291953.01,7490119.87
1989,OB,1.00,0.00,294938.24,7491312.21
1989,OB,2.00,0.00,297279.33,7492273.88
1989,BB,4.00,0.00,290491.37,7488028.54
1989,BB,4.00,0.00,292612.92,7489209.51
1989,BB,6.00,0.00,294540.75,7488770.39
1989,OB,1.00,0.00,294360.20,7486918.21
1989,BB,5.00,0.00,295219.06,7486475.65
1989,BB,1.00,0.00,297356.00,7486504.23
1989,OB,1.00,0.00,297769.12,7487894.24
1989,OB,5.00,0.00,298682.98,7483287.60
1989,BB,1.00,0.00,300094.86,7489996.12
1989,BB,3.00,0.00,306907.92,7493317.92
1989,OB,2.00,0.00,304241.09,7484057.92
1989,OB,1.00,0.00,306741.73,7489395.09
1989,OB,4.00,0.00,311189.22,7492906.27
1989,BB,8.00,0.00,311581.01,7496145.06
1989,BB,6.00,0.00,312652.93,7495925.65
1989,BB,2.00,0.00,312445.48,7495236.45
1989,BB,3.00,0.00,312811.60,7483002.87
1989,BB,9.00,0.00,313433.12,7485092.64
1989,OB,1.00,0.00,313208.99,7485776.56
1989,OB,1.00,0.00,312729.24,7489702.36
1989,OB,2.00,0.00,313149.54,7490626.75
1989,OB,5.00,0.00,315519.41,7489271.21
1989,OB,6.00,0.00,316615.69,7486980.84
1989,BB,3.00,0.00,320159.99,7494863.99
1989,OB,5.00,0.00,320173.54,7493712.38
1989,OB,4.00,0.00,320181.75,7493014.78
1989,BB,5.00,0.00,323395.74,7493284.84
1989,BB,5.00,0.00,323393.05,7493517.37
1989,BB,4.00,0.00,325215.11,7484313.30
1989,OB,1.00,0.00,325007.44,7483613.22
1989,OB,1.00,0.00,332679.75,7486468.06
1989,BB,3.00,0.00,294665.27,7479545.44
1989,OB,5.00,0.00,295105.99,7478853.58
1989,BB,16.00,0.00,294056.83,7477454.82
1989,OB,2.00,0.00,294059.99,7477222.26
1989,BB,8.00,0.00,295330.89,7478169.88
1989,OB,1.00,0.00,295568.31,7476555.92
1989,OB,1.00,0.00,299154.04,7480292.20
1989,OB,2.00,0.00,300000.28,7480768.56
1989,OB,2.00,0.00,300881.08,7479395.62
1989,BB,2.00,0.00,302837.30,7476652.16
1989,BB,8.00,0.00,300726.11,7474774.86
1989,OB,1.00,0.00,302218.82,7475259.61
1989,BB,7.00,0.00,292633.52,7471897.11
1989,BB,6.00,0.00,295821.22,7473790.22
1989,E,6.00,0.00,295652.45,7470321.01
1989,OB,6.00,0.00,297596.21,7468508.47
1989,OB,5.00,0.00,291607.41,7468881.22
1989,OB,1.00,0.00,290992.77,7466568.75
1989,E,1.00,0.00,294298.76,7459691.21
1989,BB,2.00,0.00,300526.74,7457238.54
1989,BB,1.00,0.00,299475.72,7456072.61
1989,BB,7.00,0.00,298832.89,7455831.42
1989,OB,1.00,0.00,293051.68,7457137.53
1989,OB,4.00,0.00,291348.93,7456416.15
1989,BB,12.00,0.00,290700.26,7457337.60
1989,BB,4.00,0.00,290047.90,7457782.66
1989,OB,3.00,0.00,290256.76,7458250.81
1989,OB,3.00,0.00,288772.44,7457310.64
1989,OB,1.00,0.00,288579.84,7455690.67
1989,OB,4.00,0.00,287732.10,7455446.10
1989,OB,2.00,0.00,288172.42,7454765.53
1989,OB,2.00,0.00,288182.26,7454067.80
1989,BB,7.00,0.00,287321.07,7454055.63
1989,BB,3.00,0.00,287542.95,7453593.52
1989,BB,2.00,0.00,289033.19,7454079.78
1989,OB,2.00,0.00,290308.21,7454562.87
1989,BB,5.00,0.00,290533.24,7453868.16
1989,BB,7.00,0.00,305516.71,7467914.69
1989,BB,2.00,0.00,311809.18,7477685.40
1989,OB,1.00,0.00,312039.06,7476536.41
1989,BB,8.00,0.00,314231.07,7471945.03
1989,BB,1.00,0.00,314460.71,7470796.01
1989,OB,3.00,0.00,317678.25,7470381.05
1989,BB,2.00,0.00,317694.94,7468996.86
1989,OB,3.00,0.00,319177.34,7469468.75
1989,BB,36.00,0.00,319894.07,7481704.03
1989,OB,1.00,0.00,320811.80,7476177.46
1989,BB,4.00,0.00,325681.29,7480387.19
1989,OB,7.00,0.00,327035.79,7474178.80
1989,BB,7.00,0.00,321570.08,7466728.44
1989,BB,16.00,0.00,323480.39,7467448.61
1989,OB,2.00,0.00,323916.71,7466988.56
1989,OB,2.00,0.00,324145.57,7465839.45
1989,OB,4.00,0.00,324800.37,7464230.14
1989,OB,2.00,0.00,325859.07,7464940.11
1989,BB,4.00,0.00,329386.23,7474205.46
1989,OB,2.00,0.00,330458.73,7474682.62
1989,OB,1.00,0.00,328528.70,7455734.43
1989,OB,1.00,0.00,330251.06,7454834.79
1989,BB,4.00,0.00,333483.71,7471249.94
1989,BB,2.00,0.00,335217.56,7469419.54
1989,BB,4.00,0.00,335237.61,7467581.44
1989,OB,5.00,0.00,332272.68,7464780.21
1989,BB,3.00,0.00,332280.44,7464082.61
1989,BB,3.00,0.00,339525.53,7466697.39
1989,BB,3.00,0.00,341448.60,7466263.68
1989,BB,2.00,0.00,338262.93,7464845.63
1989,BB,2.00,0.00,339973.01,7464166.20
1989,BB,1.00,0.00,337198.35,7463682.46
1989,OB,4.00,0.00,338916.14,7463235.80
1989,OB,3.00,0.00,336362.10,7462289.14
1989,BB,4.00,0.00,336151.79,7461821.74
1989,BB,14.00,0.00,342616.69,7456586.25
1989,BB,2.00,0.00,338787.26,7455161.39
1989,OB,1.00,0.00,333018.77,7455785.00
1989,BB,4.00,0.00,332993.06,7458099.27
1989,OB,2.00,0.00,335118.11,7458809.33
1989,OB,3.00,0.00,335135.83,7457192.67
1989,OB,5.00,0.00,286277.86,7452423.52
1989,OB,2.00,0.00,286072.37,7451733.80
1989,OB,1.00,0.00,287343.98,7452438.67
1989,BB,2.00,0.00,286300.89,7450806.55
1989,OB,7.00,0.00,285675.21,7450110.82
1989,OB,1.00,0.00,286522.61,7450355.54
1989,OB,4.00,0.00,285291.08,7446870.70
1989,OB,6.00,0.00,290141.38,7451093.41
1989,OB,3.00,0.00,291220.18,7450189.07
1989,OB,4.00,0.00,293147.06,7450215.78
1989,OB,3.00,0.00,296319.70,7452109.03
1989,OB,1.00,0.00,294877.63,7448854.95
1989,OB,2.00,0.00,292555.65,7446286.35
1989,OB,2.00,0.00,297480.28,7445888.58
1989,BB,5.00,0.00,287276.66,7442745.01
1989,BB,13.00,0.00,288136.69,7442070.43
1989,OB,1.00,0.00,288143.29,7441605.28
1989,OB,4.00,0.00,288364.99,7441143.17
1989,BB,3.00,0.00,288586.53,7440692.13
1989,OB,1.00,0.00,289019.65,7439767.76
1989,OB,5.00,0.00,290293.40,7440250.96
1989,BB,6.00,0.00,290322.51,7438179.92
1989,OB,2.00,0.00,289919.01,7437011.12
1989,OB,2.00,0.00,291599.56,7438419.36
1989,OB,1.00,0.00,292058.58,7436354.34
1989,OB,2.00,0.00,294390.82,7437306.09
1989,OB,3.00,0.00,292469.38,7437744.71
1989,OB,12.00,0.00,293938.38,7438917.10
1989,OB,6.00,0.00,291785.58,7440504.47
1989,OB,3.00,0.00,293274.57,7440990.40
1989,OB,2.00,0.00,294121.68,7441223.65
1989,OB,2.00,0.00,294327.17,7441924.33
1989,OB,2.00,0.00,294535.89,7442392.43
1989,OB,2.00,0.00,295167.97,7442622.65
1989,OB,3.00,0.00,293890.53,7442383.54
1989,OB,1.00,0.00,294314.52,7442843.54
1989,OB,3.00,0.00,292610.04,7442365.82
1989,OB,8.00,0.00,292815.64,7443055.45
1989,OB,7.00,0.00,290903.18,7442796.20
1989,OB,4.00,0.00,291102.22,7443951.01
1989,OB,2.00,0.00,289616.09,7443243.38
1989,BB,6.00,0.00,298012.73,7437588.22
1989,OB,1.00,0.00,298212.19,7438742.91
1989,BB,4.00,0.00,299308.28,7436453.74
1989,BB,3.00,0.00,299317.68,7435756.03
1989,BB,3.00,0.00,300174.64,7436000.16
1989,BB,1.00,0.00,300283.70,7443157.12
1989,OB,1.00,0.00,300103.56,7441304.92
1989,BB,2.00,0.00,301819.16,7440175.83
1989,E,1.00,0.00,302046.43,7439259.49
1989,BB,7.00,0.00,304850.41,7453606.93
1989,BB,3.00,0.00,301236.92,7452396.50
1989,BB,3.00,0.00,312831.66,7447472.94
1989,OB,4.00,0.00,309686.10,7442593.09
1989,OB,2.00,0.00,311434.62,7439613.70
1989,BB,5.00,0.00,313776.92,7439875.70
1989,BB,2.00,0.00,313355.52,7439172.66
1989,OB,1.00,0.00,313611.00,7435941.72
1989,OB,1.00,0.00,316159.14,7436903.74
1989,OB,1.00,0.00,316167.74,7436206.08
1989,BB,15.00,0.00,317240.97,7435532.59
1989,OB,2.00,0.00,317687.92,7434153.62
1989,OB,2.00,0.00,317294.83,7431147.29
1989,BB,7.00,0.00,318780.77,7431852.17
1989,BB,4.00,0.00,320464.96,7433954.79
1989,BB,9.00,0.00,321568.26,7448731.42
1989,BB,3.00,0.00,322672.11,7445521.66
1989,BB,4.00,0.00,327364.11,7445576.54
1989,BB,9.00,0.00,328229.99,7445121.36
1989,BB,7.00,0.00,329497.38,7446287.64
1989,OB,1.00,0.00,324426.40,7441843.27
1989,OB,3.00,0.00,326976.13,7442803.32
1989,BB,1.00,0.00,322972.05,7438370.63
1989,OB,1.00,0.00,325970.67,7436788.96
1989,BB,1.00,0.00,333393.12,7441491.92
1989,OB,2.00,0.00,333997.33,7444267.30
1989,OB,1.00,0.00,335042.36,7446117.23
1989,OB,1.00,0.00,335237.14,7447968.81
1989,BB,8.00,0.00,343931.71,7453366.38
1989,BB,2.00,0.00,341855.84,7448040.17
1989,OB,2.00,0.00,339099.16,7446161.40
1989,OB,4.00,0.00,338473.93,7445235.50
1989,OB,6.00,0.00,340179.36,7444788.70
1989,OB,1.00,0.00,341904.64,7443422.77
1989,OB,1.00,0.00,350938.08,7436361.95
1989,BB,3.00,0.00,351159.92,7435677.59
1989,OB,1.00,0.00,350755.40,7433137.63
1989,BB,2.00,0.00,290152.99,7434942.96
1989,OB,2.00,0.00,292090.74,7434050.72
1989,OB,3.00,0.00,293136.29,7435449.93
1989,OB,3.00,0.00,294435.29,7434083.28
1989,OB,1.00,0.00,294656.71,7433621.10
1989,OB,1.00,0.00,295608.08,7426245.81
1989,OB,1.00,0.00,295611.28,7426013.23
1989,OB,3.00,0.00,296473.86,7425803.55
1989,BB,3.00,0.00,297310.58,7426734.40
1989,BB,8.00,0.00,302000.33,7426565.10
1989,OB,1.00,0.00,301763.85,7428179.14
1989,OB,2.00,0.00,298649.27,7422366.16
1989,OB,1.00,0.00,301228.43,7420783.78
1989,BB,5.00,0.00,309800.97,7433589.74
1989,BB,3.00,0.00,315618.75,7429276.94
1989,BB,4.00,0.00,315618.75,7429276.94
1989,BB,3.00,0.00,310956.66,7426449.32
1989,BB,4.00,0.00,310160.59,7422285.58
1989,BB,8.00,0.00,311886.45,7420923.08
1989,BB,3.00,0.00,313569.83,7422096.29
1989,BB,2.00,0.00,319456.40,7429324.08
1989,BB,1.00,0.00,330672.75,7436610.55
1989,BB,4.00,0.00,327784.76,7427806.00
1989,BB,22.00,0.00,327575.16,7427349.49
1989,BB,3.00,0.00,327583.27,7426651.85
1989,BB,5.00,0.00,327591.25,7425965.28
1989,BB,2.00,0.00,328490.76,7422509.19
1989,BB,12.00,0.00,332743.18,7422790.40
1989,BB,10.00,0.00,333377.25,7423716.76
1989,OB,1.00,0.00,334016.54,7423269.87
1989,OB,4.00,0.00,334852.66,7443811.64
1989,OB,1.00,0.00,335710.51,7444053.66
1989,BB,4.00,0.00,335935.83,7443125.87
1989,BB,4.00,0.00,337226.14,7442220.81
1989,BB,4.00,0.00,336375.90,7441292.34
1989,BB,26.00,0.00,337461.12,7439454.76
1989,OB,2.00,0.00,341278.90,7441577.82
1989,OB,5.00,0.00,341738.39,7438814.14
1989,OB,14.00,0.00,341958.34,7438351.36
1989,OB,1.00,0.00,341128.22,7436493.13
1989,OB,1.00,0.00,342012.14,7433279.92
1989,OB,6.00,0.00,339735.47,7427020.65
1989,OB,2.00,0.00,341866.04,7426810.95
1989,OB,3.00,0.00,342307.98,7425663.92
1989,OB,3.00,0.00,342932.52,7426589.72
1989,BB,5.00,0.00,343086.43,7432361.05
1989,OB,3.00,0.00,344573.41,7433074.33
1989,BB,5.00,0.00,346055.83,7434241.45
1989,BB,2.00,0.00,346690.46,7434248.00
1989,OB,6.00,0.00,347115.59,7434717.48
1989,BB,2.00,0.00,349476.03,7433124.74
1989,BB,1.00,0.00,348642.97,7431499.49
1989,BB,1.00,0.00,345046.58,7428926.46
1989,BB,4.00,0.00,344621.69,7428456.90
1989,BB,3.00,0.00,345256.08,7428463.52
1989,BB,1.00,0.00,345690.65,7428002.93
1989,OB,4.00,0.00,351662.50,7427377.22
1989,OB,3.00,0.00,351464.87,7426677.59
1989,OB,2.00,0.00,351044.42,7425754.24
1989,BB,2.00,0.00,345743.42,7422931.49
1989,BB,7.00,0.00,345748.26,7422466.42
1989,OB,1.00,0.00,347274.78,7419259.66
1989,BB,3.00,0.00,348121.11,7419500.93
1989,BB,19.00,0.00,349394.69,7419967.99
1989,OB,1.00,0.00,349186.95,7419279.28
1989,BB,3.00,0.00,351536.46,7419535.61
1989,OB,5.00,0.00,299570.23,7417072.80
1989,BB,15.00,0.00,299582.70,7416153.58
1989,BB,4.00,0.00,298525.59,7415673.96
1989,BB,4.00,0.00,299389.94,7414533.72
1989,OB,6.00,0.00,299399.42,7413836.00
1989,BB,3.00,0.00,310222.68,7417446.05
1989,BB,10.00,0.00,311298.05,7416529.41
1989,BB,6.00,0.00,312999.76,7417016.25
1989,BB,4.00,0.00,311101.03,7415142.36
1989,BB,2.00,0.00,311324.51,7414458.49
1989,BB,7.00,0.00,311330.46,7413993.37
1989,BB,4.00,0.00,311995.14,7412384.72
1989,BB,3.00,0.00,309894.39,7409588.68
1989,BB,3.00,0.00,313947.40,7409186.32
1989,BB,6.00,0.00,313767.81,7406415.00
1989,BB,3.00,0.00,313143.16,7405709.27
1989,BB,7.00,0.00,314423.29,7405492.88
1989,OB,1.00,0.00,316559.97,7404600.38
1989,BB,2.00,0.00,317043.73,7400220.28
1989,BB,6.00,0.00,317725.73,7396307.83
1989,BB,2.00,0.00,320078.16,7395185.02
1989,OB,1.00,0.00,320157.62,7388728.66
1989,BB,4.00,0.00,322440.42,7394061.98
1989,BB,6.00,0.00,320069.51,7413415.81
1989,BB,1.00,0.00,321581.57,7411817.13
1989,OB,1.00,0.00,324772.71,7412542.08
1989,BB,8.00,0.00,324827.50,7407935.32
1989,BB,9.00,0.00,324626.63,7406781.06
1989,BB,3.00,0.00,325892.98,7407715.37
1989,BB,5.00,0.00,324431.36,7405161.70
1989,BB,4.00,0.00,324439.70,7404464.03
1989,BB,4.00,0.00,325510.34,7403790.10
1989,OB,3.00,0.00,330610.23,7404536.45
1989,OB,1.00,0.00,327118.88,7393885.42
1989,OB,1.00,0.00,332162.43,7399249.23
1989,BB,6.00,0.00,332800.89,7398791.36
1989,OB,2.00,0.00,333862.60,7399733.75
1989,BB,8.00,0.00,334506.28,7398810.71
1989,BB,2.00,0.00,334948.15,7397663.88
1989,BB,17.00,0.00,335989.40,7399525.11
1989,BB,1.00,0.00,333256.01,7396492.90
1989,OB,1.00,0.00,336457.01,7396063.84
1989,BB,12.00,0.00,336733.31,7389610.14
1989,BB,1.00,0.00,338220.71,7389859.27
1989,BB,10.00,0.00,348576.68,7416958.54
1989,BB,4.00,0.00,351550.36,7418151.49
1989,OB,3.00,0.00,340237.89,7400491.22
1989,OB,3.00,0.00,344727.70,7398003.35
1989,OB,6.00,0.00,345385.60,7396625.98
1989,OB,1.00,0.00,340078.78,7395417.20
1989,OB,1.00,0.00,341798.42,7393132.33
1989,OB,1.00,0.00,341606.86,7391967.39
1989,OB,5.00,0.00,341399.97,7391278.51
1989,OB,7.00,0.00,341193.22,7390578.54
1989,OB,5.00,0.00,344372.48,7391077.90
1989,OB,1.00,0.00,345862.56,7391093.69
1989,OB,2.00,0.00,346894.99,7393873.20
1989,OB,3.00,0.00,347123.83,7392491.27
1989,OB,4.00,0.00,347559.68,7391809.20
1989,OB,3.00,0.00,349663.72,7393669.35
1989,OB,1.00,0.00,350720.57,7394145.30
1989,OB,4.00,0.00,350937.30,7393914.95
1989,OB,2.00,0.00,350741.82,7392063.53
1989,OB,2.00,0.00,357362.19,7389361.11
1989,BB,5.00,0.00,313805.71,7386566.64
1989,OB,1.00,0.00,317889.74,7383162.42
1989,OB,1.00,0.00,312451.02,7376857.22
1989,OB,1.00,0.00,312477.78,7374786.22
1989,OB,1.00,0.00,311338.31,7380077.22
1989,BB,10.00,0.00,313790.82,7371801.35
1989,BB,3.00,0.00,317604.85,7372536.60
1989,BB,5.00,0.00,319511.16,7372560.46
1989,OB,2.00,0.00,312552.42,7369016.19
1989,OB,1.00,0.00,315348.50,7365585.13
1989,BB,6.00,0.00,315357.27,7364898.49
1989,OB,1.00,0.00,325846.40,7375639.54
1989,OB,6.00,0.00,323525.51,7374459.59
1989,OB,3.00,0.00,324608.18,7372623.03
1989,BB,4.00,0.00,328774.68,7379827.78
1989,BB,3.00,0.00,329238.91,7375912.44
1989,OB,1.00,0.00,327348.71,7374505.60
1989,E,1.00,0.00,327145.57,7373583.88
1989,E,1.00,0.00,327145.57,7373583.88
1989,OB,3.00,0.00,326942.59,7372651.08
1989,OB,1.00,0.00,332692.29,7371799.31
1989,OB,1.00,0.00,328924.47,7367136.69
1989,OB,1.00,0.00,328735.01,7365063.25
1989,BB,1.00,0.00,328735.01,7365063.25
1989,OB,4.00,0.00,327261.27,7363893.80
1989,OB,1.00,0.00,327933.46,7361354.35
1989,OB,1.00,0.00,327730.54,7360432.61
1989,OB,1.00,0.00,327524.86,7359743.44
1989,BB,3.00,0.00,331911.09,7365333.14
1989,OB,1.00,0.00,332563.74,7364410.35
1989,BB,2.00,0.00,332782.94,7363958.79
1989,BB,4.00,0.00,331932.61,7363483.74
1989,OB,1.00,0.00,332577.10,7363258.63
1989,OB,1.00,0.00,331739.58,7362562.20
1989,OB,2.00,0.00,333012.89,7362576.99
1989,BB,2.00,0.00,332807.06,7361876.83
1989,OB,15.00,0.00,332173.33,7361182.78
1989,BB,6.00,0.00,330699.88,7360002.59
1989,OB,1.00,0.00,330699.88,7360002.59
1989,BB,2.00,0.00,329160.32,7382601.24
1989,BB,20.00,0.00,329816.44,7381457.06
1989,BB,1.00,0.00,333385.00,7385186.47
1989,BB,5.00,0.00,335682.30,7388679.10
1989,BB,10.00,0.00,336746.19,7388458.46
1989,BB,1.00,0.00,337407.09,7386848.87
1989,BB,4.00,0.00,338271.91,7385241.52
1989,BB,5.00,0.00,339952.83,7387342.18
1989,OB,5.00,0.00,344404.46,7388076.98
1989,OB,6.00,0.00,345677.49,7388323.07
1989,OB,2.00,0.00,345266.41,7387632.08
1989,OB,6.00,0.00,346354.42,7385096.40
1989,BB,12.00,0.00,344658.03,7384391.78
1989,OB,3.00,0.00,345303.19,7384166.07
1989,BB,3.00,0.00,344909.19,7380928.04
1989,BB,4.00,0.00,341946.13,7379511.77
1989,BB,1.00,0.00,339829.93,7379034.53
1989,BB,4.00,0.00,338129.48,7378783.11
1989,BB,4.00,0.00,335794.20,7378756.91
1989,BB,6.00,0.00,332181.48,7378948.23
1989,BB,4.00,0.00,333897.72,7377816.10
1989,BB,9.00,0.00,338152.68,7376701.22
1989,BB,5.00,0.00,337564.41,7372774.00
1989,BB,1.00,0.00,340084.82,7375338.23
1989,OB,1.00,0.00,339883.43,7374184.20
1989,OB,1.00,0.00,341177.86,7372359.95
1989,OB,1.00,0.00,344363.40,7372848.58
1989,BB,3.00,0.00,346700.12,7372640.91
1989,OB,7.00,0.00,346016.23,7376565.24
1989,OB,6.00,0.00,338219.53,7370710.24
1989,OB,2.00,0.00,340357.34,7370036.22
1989,OB,1.00,0.00,336752.17,7369763.44
1989,OB,2.00,0.00,336770.28,7368157.71
1989,OB,1.00,0.00,336778.15,7367460.04
1989,OB,2.00,0.00,340163.63,7368195.59
1989,BB,10.00,0.00,336410.25,7362150.72
1989,BB,8.00,0.00,337699.08,7360780.84
1989,BB,6.00,0.00,337696.47,7361013.39
1989,OB,4.00,0.00,335165.98,7359600.24
1989,BB,3.00,0.00,341946.22,7360828.01
1989,BB,2.00,0.00,343417.98,7361309.22
1989,BB,15.00,0.00,345554.15,7360634.52
1989,OB,1.00,0.00,346829.69,7360415.54
1989,OB,3.00,0.00,342560.04,7362451.70
1989,OB,4.00,0.00,343402.96,7362693.45
1989,BB,2.00,0.00,341689.35,7364745.83
1989,OB,2.00,0.00,343795.93,7365920.57
1989,OB,1.00,0.00,345664.58,7370326.34
1989,OB,1.00,0.00,346989.26,7384881.59
1989,BB,5.00,0.00,346845.95,7379110.14
1989,OB,1.00,0.00,346894.65,7374492.47
1989,OB,4.00,0.00,350705.65,7375683.95
1989,OB,2.00,0.00,351142.51,7373850.05
1989,OB,3.00,0.00,350310.72,7372457.15
1989,OB,1.00,0.00,354995.17,7370887.90
1989,OB,1.00,0.00,354785.81,7370420.67
1989,OB,1.00,0.00,352057.72,7368089.53
1989,BB,2.00,0.00,348907.01,7364357.97
1989,BB,7.00,0.00,349558.38,7363445.56
1989,BB,15.00,0.00,351460.85,7363697.83
1989,OB,1.00,0.00,353152.65,7364634.33
1989,OB,1.00,0.00,352534.39,7362324.49
1989,BB,7.00,0.00,360567.15,7388240.38
1989,OB,3.00,0.00,364202.77,7385738.75
1989,OB,2.00,0.00,362523.03,7383187.07
1989,OB,1.00,0.00,362745.89,7382270.03
1989,OB,5.00,0.00,359565.97,7382007.14
1989,OB,7.00,0.00,358499.58,7381531.69
1989,BB,2.00,0.00,364252.23,7380434.81
1989,BB,4.00,0.00,363834.71,7379279.22
1989,BB,4.00,0.00,362767.73,7379955.77
1989,OB,4.00,0.00,359852.34,7373471.72
1989,OB,3.00,0.00,359859.08,7372774.10
1989,OB,3.00,0.00,357558.94,7369296.48
1989,OB,2.00,0.00,359699.87,7368165.67
1989,OB,1.00,0.00,355883.45,7367663.02
1989,OB,1.00,0.00,356947.72,7367208.46
1989,OB,4.00,0.00,355924.85,7363510.49
1989,OB,1.00,0.00,356774.93,7363053.82
1989,OB,1.00,0.00,357618.06,7363294.72
1989,BB,4.00,0.00,358457.85,7364919.85
1989,BB,2.00,0.00,360806.29,7363325.82
1989,BB,6.00,0.00,367348.25,7367540.16
1989,BB,5.00,0.00,367990.46,7366394.34
1989,BB,2.00,0.00,369706.41,7364793.12
1989,BB,9.00,0.00,362719.80,7362424.98
1989,BB,3.00,0.00,362730.76,7361273.36
1989,OB,1.00,0.00,362735.18,7360808.28
1989,OB,1.00,0.00,363988.57,7362902.10
1989,BB,5.00,0.00,365907.77,7362454.95
1989,BB,4.00,0.00,366973.46,7361767.14
1989,BB,5.00,0.00,367193.66,7361082.58
1989,BB,17.00,0.00,313987.03,7356573.29
1989,BB,10.00,0.00,313809.01,7353801.75
1989,BB,2.00,0.00,315484.31,7354975.34
1989,BB,3.00,0.00,315516.85,7352439.16
1989,BB,6.00,0.00,322689.00,7356217.87
1989,BB,3.00,0.00,323939.19,7358082.96
1989,OB,4.00,0.00,319767.75,7352027.88
1989,OB,1.00,0.00,320869.54,7348585.76
1989,OB,1.00,0.00,314496.88,7349424.18
1989,OB,3.00,0.00,315804.68,7346671.80
1989,BB,4.00,0.00,332361.85,7345025.26
1989,OB,1.00,0.00,328600.53,7358371.77
1989,BB,2.00,0.00,328606.07,7357906.64
1989,OB,1.00,0.00,329039.29,7357446.60
1989,BB,2.00,0.00,329050.20,7356527.42
1989,OB,1.00,0.00,332422.11,7358184.13
1989,BB,7.00,0.00,333066.36,7357959.02
1989,BB,12.00,0.00,332010.56,7356794.86
1989,BB,6.00,0.00,334973.29,7357748.40
1989,BB,15.00,0.00,334553.49,7357056.89
1989,OB,4.00,0.00,335821.13,7357525.50
1989,BB,6.00,0.00,337008.05,7347161.11
1989,BB,5.00,0.00,342490.18,7349293.48
1989,BB,1.00,0.00,345454.26,7350023.44
1989,BB,2.00,0.00,344587.15,7352085.15
1989,BB,16.00,0.00,342396.62,7357831.54
1989,BB,3.00,0.00,343445.64,7358762.22
1989,BB,4.00,0.00,344305.95,7358317.46
1989,BB,3.00,0.00,344112.12,7356465.80
1989,BB,10.00,0.00,344117.16,7356000.70
1989,BB,2.00,0.00,343063.24,7355535.16
1989,BB,2.00,0.00,343920.77,7354392.66
1989,BB,5.00,0.00,345193.30,7354406.41
1989,BB,11.00,0.00,344992.05,7353241.35
1989,BB,3.00,0.00,346053.08,7353031.25
1989,BB,4.00,0.00,346463.47,7354641.53
1989,BB,3.00,0.00,346456.02,7355339.18
1989,BB,3.00,0.00,346446.21,7356258.31
1989,BB,5.00,0.00,348768.00,7357213.19
1989,BB,6.00,0.00,349003.66,7355133.57
1989,OB,3.00,0.00,350468.40,7357230.95
1989,OB,1.00,0.00,350939.08,7353082.74
1989,OB,3.00,0.00,351995.42,7353315.16
1989,BB,10.00,0.00,348874.84,7347058.51
1989,OB,1.00,0.00,353105.94,7348254.27
1989,OB,2.00,0.00,354695.75,7359112.62
1989,BB,2.00,0.00,354286.65,7357270.09
1989,BB,2.00,0.00,354726.02,7356111.69
1989,OB,1.00,0.00,357688.70,7356141.29
1989,OB,1.00,0.00,360042.55,7353860.88
1989,OB,1.00,0.00,357970.91,7349222.45
1989,BB,6.00,0.00,359038.26,7348313.79
1989,BB,2.00,0.00,356505.92,7347136.91
1989,BB,11.00,0.00,362640.33,7348348.73
1989,OB,3.00,0.00,362750.57,7359191.58
1989,OB,1.00,0.00,362757.11,7358505.04
1989,BB,3.00,0.00,362973.16,7358274.53
1989,BB,1.00,0.00,362977.58,7357809.46
1989,BB,4.00,0.00,367020.26,7356695.64
1989,BB,3.00,0.00,366821.42,7355076.97
1989,BB,2.00,0.00,369137.92,7356715.04
1989,BB,5.00,0.00,370398.09,7358110.69
1989,BB,9.00,0.00,370418.82,7355807.49
1989,BB,2.00,0.00,371681.09,7356970.49
1989,BB,3.00,0.00,371687.31,7356272.89
1989,OB,1.00,0.00,368536.25,7353475.93
1989,BB,3.00,0.00,367270.24,7352777.70
1989,BB,9.00,0.00,375097.62,7355151.21
1989,BB,4.00,0.00,376793.33,7354479.26
1989,BB,2.00,0.00,379363.31,7351500.08
1989,BB,2.00,0.00,377885.28,7350568.47
1989,BB,2.00,0.00,378102.93,7350105.22
1989,OB,1.00,0.00,371533.31,7349582.82
1989,BB,2.00,0.00,378142.17,7345487.78
1989,OB,1.00,0.00,365234.04,7343068.71
1989,OB,2.00,0.00,365253.65,7340986.91
1989,OB,2.00,0.00,365698.06,7339152.73
1989,BB,2.00,0.00,367813.14,7339172.46
1989,BB,3.00,0.00,367815.29,7338939.92
1989,BB,2.00,0.00,368460.18,7338480.75
1989,BB,4.00,0.00,368250.84,7338024.77
1989,OB,2.00,0.00,371207.34,7339436.01
1989,BB,1.00,0.00,371618.09,7340126.30
1989,BB,3.00,0.00,371611.83,7340823.92
1989,OB,1.00,0.00,345146.59,7338944.80
1989,BB,4.00,0.00,347060.90,7338732.83
1989,OB,1.00,0.00,346517.18,7329722.71
1989,BB,1.00,0.00,348440.02,7328591.47
1989,OB,5.00,0.00,349974.72,7323767.82
1989,OB,1.00,0.00,350187.71,7322839.74
1989,OB,3.00,0.00,349356.85,7321679.10
1989,BB,4.00,0.00,345334.75,7321635.82
1989,BB,9.00,0.00,344499.25,7320939.99
1989,BB,2.00,0.00,344278.43,7321624.26
1989,BB,6.00,0.00,344270.77,7322321.94
1989,OB,1.00,0.00,342782.75,7322759.64
1989,BB,5.00,0.00,341744.25,7321142.10
1989,BB,3.00,0.00,352981.05,7318948.31
1989,BB,1.00,0.00,353184.66,7319880.74
1989,OB,2.00,0.00,352523.94,7322864.21
1989,OB,1.00,0.00,353968.31,7325647.93
1989,OB,1.00,0.00,353535.11,7327260.45
1989,BB,4.00,0.00,357549.38,7328231.53
1989,BB,6.00,0.00,357759.58,7327535.91
1989,BB,2.00,0.00,359431.35,7330088.67
1989,BB,4.00,0.00,360438.47,7335181.89
1989,OB,1.00,0.00,365482.33,7339383.27
1989,BB,7.00,0.00,365965.80,7333385.46
1989,BB,10.00,0.00,365965.80,7333385.46
1989,BB,2.00,0.00,365811.12,7327149.04
1989,OB,1.00,0.00,370441.22,7329739.09
1989,OB,2.00,0.00,357421.75,7319691.42
1989,BB,3.00,0.00,357824.23,7321079.84
1989,OB,2.00,0.00,359522.59,7320864.19
1989,OB,1.00,0.00,371835.82,7339663.14
1989,OB,1.00,0.00,375381.29,7345929.14
1989,BB,3.00,0.00,385398.94,7340010.87
1989,OB,1.00,0.00,382231.29,7338146.89
1989,OB,2.00,0.00,343070.15,7316073.05
1989,OB,2.00,0.00,343301.27,7314458.54
1989,OB,1.00,0.00,342908.13,7311463.70
1989,OB,5.00,0.00,343131.61,7310535.81
1989,OB,1.00,0.00,346909.99,7313113.61
1989,BB,2.00,0.00,346701.75,7312657.25
1989,BB,3.00,0.00,345869.41,7311717.84
1989,BB,9.00,0.00,346501.11,7311503.20
1989,BB,3.00,0.00,349197.55,7316604.84
1989,BB,3.00,0.00,349239.34,7312684.55
1989,BB,5.00,0.00,350351.22,7307391.19
1989,BB,2.00,0.00,342654.56,7296918.08
1989,BB,3.00,0.00,338248.15,7293866.31
1989,BB,3.00,0.00,339086.87,7294108.57
1989,BB,6.00,0.00,339728.18,7293883.31
1989,BB,6.00,0.00,340569.56,7293892.90
1989,OB,2.00,0.00,340348.74,7294588.19
1989,BB,1.00,0.00,359997.21,7294565.50
1989,BB,19.00,0.00,352326.60,7300943.91
1989,BB,2.00,0.00,353378.91,7301187.51
1989,BB,2.00,0.00,353584.63,7301887.41
1989,BB,12.00,0.00,350170.43,7305307.06
1989,OB,3.00,0.00,352911.99,7305103.36
1989,OB,1.00,0.00,353749.78,7306496.51
1989,BB,2.00,0.00,353969.96,7305812.12
1989,BB,3.00,0.00,354589.48,7306737.78
1989,OB,2.00,0.00,355433.97,7306513.89
1989,BB,3.00,0.00,355219.22,7307663.52
1989,BB,3.00,0.00,351805.97,7309942.84
1989,BB,5.00,0.00,351372.87,7311555.30
1989,BB,2.00,0.00,350706.67,7314084.56
1989,BB,3.00,0.00,351546.78,7314325.99
1989,BB,12.00,0.00,351517.73,7317094.54
1989,BB,5.00,0.00,357702.27,7313004.88
1989,BB,11.00,0.00,363806.31,7315833.73
1989,BB,3.00,0.00,364026.21,7315138.13
1989,OB,3.00,0.00,364240.30,7313988.40
1989,BB,13.00,0.00,365713.57,7314921.68
1989,BB,5.00,0.00,366546.65,7317011.61
1989,BB,8.00,0.00,367609.07,7316323.88
1989,OB,1.00,0.00,364095.06,7307984.43
1989,OB,1.00,0.00,365170.09,7305923.74
1989,OB,1.00,0.00,367258.54,7308247.13
1989,OB,3.00,0.00,366036.24,7303395.85
1989,BB,4.00,0.00,361053.75,7294343.43
1989,BB,10.00,0.00,361694.66,7294117.19
1989,BB,2.00,0.00,364644.37,7294145.97
1989,BB,2.00,0.00,365045.70,7296686.03
1989,BB,9.00,0.00,367817.05,7294176.24
1989,BB,9.00,0.00,367356.37,7297870.92
1989,BB,2.00,0.00,370065.65,7302049.28
1989,OB,1.00,0.00,380547.50,7312286.19
1989,OB,6.00,0.00,381436.40,7306756.59
1989,OB,2.00,0.00,379332.11,7306052.13
1989,OB,2.00,0.00,378491.91,7304660.62
1989,BB,5.00,0.00,377441.03,7304186.39
1989,BB,5.00,0.00,376382.05,7304642.25
1989,BB,2.00,0.00,382103.96,7302155.32
1989,BB,9.00,0.00,380635.39,7301910.37
1989,OB,1.00,0.00,378100.00,7301888.63
1989,OB,1.00,0.00,376201.57,7300941.80
1989,OB,1.00,0.00,376641.58,7299339.86
1989,OB,1.00,0.00,375183.81,7296779.84
1989,OB,1.00,0.00,375398.67,7296560.25
1989,BB,8.00,0.00,375404.87,7295862.61
1989,OB,6.00,0.00,383429.10,7295244.96
1989,OB,2.00,0.00,389509.12,7301982.87
1989,OB,1.00,0.00,388215.87,7305195.19
1989,BB,2.00,0.00,388199.36,7307276.96
1989,BB,2.00,0.00,388186.54,7308893.66
1989,BB,9.00,0.00,391341.53,7310302.53
1989,BB,7.00,0.00,393240.50,7311468.69
1989,BB,4.00,0.00,395803.09,7308021.78
1989,BB,10.00,0.00,394122.60,7306171.02
1989,BB,14.00,0.00,394131.25,7305019.41
1989,OB,1.00,0.00,395186.16,7305027.30
1989,BB,2.00,0.00,394571.12,7303173.39
1989,BB,5.00,0.00,394579.75,7302021.79
1989,OB,1.00,0.00,394597.10,7299707.49
1989,OB,2.00,0.00,350137.31,7288460.52
1989,BB,3.00,0.00,352472.32,7287100.88
1989,BB,14.00,0.00,351922.17,7278788.19
1989,BB,1.00,0.00,353987.66,7283661.17
1989,BB,17.00,0.00,353787.02,7282507.19
1989,BB,12.00,0.00,356737.44,7283224.48
1989,BB,11.00,0.00,359469.86,7283484.84
1989,BB,21.00,0.00,359883.71,7284640.85
1989,BB,2.00,0.00,361156.75,7283966.89
1989,BB,5.00,0.00,361355.72,7285353.28
1989,BB,6.00,0.00,362065.96,7277053.78
1989,OB,5.00,0.00,365028.96,7276385.08
1989,OB,2.00,0.00,358132.92,7270546.08
1989,OB,4.00,0.00,358139.94,7269859.45
1989,OB,4.00,0.00,359838.37,7268027.07
1989,BB,6.00,0.00,358814.34,7265247.76
1989,OB,7.00,0.00,359246.17,7264565.45
1989,BB,3.00,0.00,359468.03,7263637.35
1989,BB,2.00,0.00,360309.88,7263413.28
1989,OB,1.00,0.00,361770.41,7265044.98
1989,OB,2.00,0.00,362402.07,7264597.17
1989,OB,2.00,0.00,362392.94,7265516.35
1989,BB,6.00,0.00,368006.87,7274110.00
1989,BB,3.00,0.00,368011.28,7273644.88
1989,BB,1.00,0.00,365726.87,7270167.50
1989,E,1.00,0.00,367002.88,7269016.87
1989,BB,3.00,0.00,371254.78,7264449.70
1989,OB,1.00,0.00,371233.37,7266753.14
1989,BB,16.00,0.00,371428.67,7268604.51
1989,BB,7.00,0.00,369241.81,7277344.53
1989,BB,2.00,0.00,372177.23,7278534.66
1989,BB,2.00,0.00,371917.60,7284756.39
1989,BB,3.00,0.00,369643.94,7278732.68
1989,BB,5.00,0.00,369224.45,7279193.91
1989,BB,3.00,0.00,368171.40,7279183.98
1989,BB,12.00,0.00,369408.98,7282196.98
1989,OB,2.00,0.00,369207.10,7281043.28
1989,BB,3.00,0.00,368153.91,7281033.36
1989,BB,1.00,0.00,365831.45,7280313.47
1989,BB,10.00,0.00,364981.96,7281235.59
1989,BB,4.00,0.00,364333.95,7283300.38
1989,BB,10.00,0.00,363259.17,7284441.72
1989,BB,9.00,0.00,357498.24,7291073.73
1989,BB,2.00,0.00,358131.17,7290626.06
1989,OB,2.00,0.00,364080.85,7287451.13
1989,BB,5.00,0.00,366190.44,7287238.90
1989,OB,2.00,0.00,368090.74,7287722.11
1989,OB,1.00,0.00,367230.96,7288633.20
1989,BB,5.00,0.00,365948.93,7290237.94
1989,OB,1.00,0.00,366578.58,7291163.18
1989,OB,2.00,0.00,372691.13,7292150.36
1989,BB,1.00,0.00,372697.48,7291452.71
1989,BB,11.00,0.00,375226.88,7291940.61
1989,OB,2.00,0.00,377965.30,7292883.92
1989,OB,2.00,0.00,382398.12,7292467.77
1989,OB,1.00,0.00,381775.66,7291764.84
1989,OB,1.00,0.00,382616.79,7291771.92
1989,OB,1.00,0.00,382481.54,7282545.78
1989,OB,1.00,0.00,381436.19,7281606.67
1989,OB,1.00,0.00,381233.34,7280453.19
1989,OB,2.00,0.00,382514.58,7278625.67
1989,OB,1.00,0.00,380200.04,7278140.83
1989,OB,2.00,0.00,378511.30,7277893.63
1989,OB,3.00,0.00,378727.96,7277430.38
1989,OB,1.00,0.00,382760.31,7274696.27
1989,OB,2.00,0.00,382344.94,7273541.00
1989,OB,2.00,0.00,382779.73,7272392.92
1989,OB,1.00,0.00,382795.34,7270543.58
1989,OB,6.00,0.00,381752.80,7269382.97
1989,OB,1.00,0.00,380055.07,7270298.69
1989,BB,2.00,0.00,379018.86,7268440.20
1989,OB,4.00,0.00,379650.29,7269132.33
1989,BB,3.00,0.00,378585.89,7269355.63
1989,BB,5.00,0.00,378794.31,7269822.59
1989,BB,13.00,0.00,377272.24,7274881.50
1989,BB,7.00,0.00,377280.35,7273962.36
1989,OB,2.00,0.00,373645.02,7279699.84
1989,OB,3.00,0.00,373649.23,7279234.73
1989,E,3.00,0.00,373640.90,7280153.87
1989,OB,1.00,0.00,373932.93,7271396.24
1989,OB,1.00,0.00,373945.50,7270011.98
1989,BB,8.00,0.00,379038.96,7266136.81
1989,OB,3.00,0.00,381984.88,7267081.41
1989,OB,2.00,0.00,382834.26,7265936.84
1989,OB,1.00,0.00,383699.45,7288325.75
1989,OB,1.00,0.00,392330.46,7291163.36
1989,OB,1.00,0.00,386443.31,7288569.78
1989,BB,8.00,0.00,388150.00,7286745.21
1989,BB,3.00,0.00,389421.81,7286057.66
1989,BB,6.00,0.00,386913.66,7283036.45
1989,BB,9.00,0.00,387963.21,7283510.03
1989,OB,2.00,0.00,388410.73,7280745.05
1989,BB,8.00,0.00,387152.42,7279815.75
1989,BB,3.00,0.00,391321.42,7285385.96
1989,OB,1.00,0.00,391546.69,7283770.89
1989,OB,1.00,0.00,391353.75,7281233.40
1989,OB,2.00,0.00,394535.49,7279641.01
1989,OB,3.00,0.00,395161.49,7279878.29
1989,OB,5.00,0.00,394954.12,7279179.06
1989,OB,1.00,0.00,395816.68,7277568.72
1989,OB,1.00,0.00,396034.40,7276883.76
1989,OB,1.00,0.00,387409.04,7273128.89
1989,OB,1.00,0.00,388068.94,7270365.61
1989,OB,1.00,0.00,388508.77,7268519.72
1989,OB,2.00,0.00,386606.76,7268504.30
1989,OB,1.00,0.00,386407.54,7266885.78
1989,OB,3.00,0.00,386627.50,7265968.40
1989,OB,1.00,0.00,386646.44,7263653.96
1989,BB,5.00,0.00,384540.87,7263869.13
1989,OB,3.00,0.00,389160.03,7265523.76
1989,OB,3.00,0.00,389599.59,7263677.83
1989,OB,7.00,0.00,360543.15,7261344.47
1989,BB,11.00,0.00,360384.39,7256037.58
1989,BB,3.00,0.00,360813.65,7255576.73
1989,BB,13.00,0.00,361881.12,7253970.40
1989,BB,5.00,0.00,358927.41,7254173.09
1989,BB,7.00,0.00,359427.36,7246790.56
1989,OB,2.00,0.00,359648.89,7245873.51
1989,OB,3.00,0.00,360699.43,7245884.20
1989,OB,6.00,0.00,360133.60,7238955.95
1989,OB,3.00,0.00,360748.52,7241044.51
1989,OB,1.00,0.00,362858.16,7240135.39
1989,BB,1.00,0.00,365587.62,7240860.19
1989,OB,1.00,0.00,367685.65,7241113.18
1989,OB,1.00,0.00,364974.28,7238539.32
1989,OB,1.00,0.00,364355.13,7237846.50
1989,BB,6.00,0.00,372734.43,7241160.95
1989,BB,5.00,0.00,373582.62,7241168.79
1989,BB,2.00,0.00,374219.33,7240011.73
1989,BB,3.00,0.00,373601.81,7239086.79
1989,OB,1.00,0.00,366434.32,7261867.78
1989,OB,1.00,0.00,368533.48,7262341.98
1989,OB,1.00,0.00,368750.16,7261889.94
1989,OB,3.00,0.00,367095.91,7259326.80
1989,OB,3.00,0.00,368160.67,7257952.57
1989,BB,4.00,0.00,374090.50,7254087.28
1989,BB,7.00,0.00,374535.96,7251787.69
1989,OB,1.00,0.00,379006.77,7245592.40
1989,OB,2.00,0.00,377970.58,7243977.34
1989,BB,2.00,0.00,375254.67,7241638.19
1989,OB,2.00,0.00,379279.79,7238672.82
1989,BB,1.00,0.00,380793.91,7258532.52
1989,BB,11.00,0.00,380817.81,7255764.00
1989,OB,3.00,0.00,381882.89,7254156.23
1989,OB,1.00,0.00,381896.74,7252539.41
1989,BB,12.00,0.00,384776.32,7261102.42
1989,BB,3.00,0.00,384789.79,7259485.63
1989,BB,7.00,0.00,386479.52,7258115.28
1989,OB,6.00,0.00,386276.70,7256961.84
1989,OB,2.00,0.00,390669.60,7261382.83
1989,OB,1.00,0.00,395958.65,7258655.05
1989,OB,1.00,0.00,388177.13,7256977.36
1989,OB,2.00,0.00,388404.28,7255140.81
1989,OB,1.00,0.00,387609.93,7248434.15
1989,BB,9.00,0.00,388678.12,7247523.64
1989,OB,1.00,0.00,393295.74,7248711.99
1989,OB,2.00,0.00,396856.40,7250821.14
1989,BB,17.00,0.00,397914.10,7249898.77
1989,OB,2.00,0.00,397708.76,7248978.07
1989,OB,1.00,0.00,397310.02,7246904.18
1989,OB,1.00,0.00,400521.74,7238622.00
1989,BB,6.00,0.00,379130.90,7231527.95
1989,OB,1.00,0.00,385209.89,7233418.84
1989,BB,2.00,0.00,385695.50,7226046.89
1989,OB,1.00,0.00,386757.88,7224438.79
1989,OB,1.00,0.00,387700.57,7237360.05
1989,OB,1.00,0.00,390633.32,7239233.28
1989,OB,1.00,0.00,392384.62,7230941.06
1989,OB,4.00,0.00,393022.83,7229329.15
1989,OB,5.00,0.00,395117.05,7231194.88
1989,BB,2.00,0.00,392037.64,7221247.77
1989,OB,1.00,0.00,396238.35,7221745.60
1989,OB,4.00,0.00,397087.43,7220135.13
1989,OB,1.00,0.00,393945.70,7219645.84
1989,OB,6.00,0.00,395414.51,7218738.00
1989,OB,1.00,0.00,395636.83,7217355.35
1989,OB,2.00,0.00,398361.42,7218295.22
1989,BB,9.00,0.00,392907.18,7217101.52
1989,OB,2.00,0.00,392088.93,7214791.44
1989,OB,1.00,0.00,392088.93,7214791.44
1989,OB,1.00,0.00,391254.36,7214552.20
1989,OB,4.00,0.00,391254.36,7214552.20
1989,BB,2.00,0.00,392041.33,7220782.65
1989,OB,1.00,0.00,387856.17,7218445.16
1989,OB,2.00,0.00,386840.50,7214516.10
1989,BB,1.00,0.00,385918.89,7224664.37
1989,OB,1.00,0.00,379153.44,7228980.82
1989,OB,3.00,0.00,381070.12,7226693.99
1989,OB,1.00,0.00,377713.62,7225279.87
1989,OB,1.00,0.00,377721.87,7224360.68
1989,OB,1.00,0.00,364115.09,7219380.41
1989,BB,8.00,0.00,365794.13,7219862.28
1989,OB,3.00,0.00,366228.91,7218714.66
1989,BB,2.00,0.00,365288.56,7228164.30
1989,BB,2.00,0.00,366124.67,7229324.43
1989,OB,1.00,0.00,370101.05,7230282.13
1989,OB,2.00,0.00,372056.28,7224076.05
1989,OB,2.00,0.00,372062.84,7223378.35
1989,BB,5.00,0.00,374143.30,7225247.36
1989,BB,2.00,0.00,375827.61,7225262.82
1989,BB,8.00,0.00,377697.03,7227129.32
1989,BB,1.00,0.00,376604.24,7231959.45
1989,OB,2.00,0.00,362155.04,7226748.49
1989,OB,1.00,0.00,365220.30,7235086.08
1989,OB,3.00,0.00,366680.43,7236484.85
1989,OB,1.00,0.00,366274.55,7234631.23
1989,BB,1.00,0.00,367935.59,7237183.71
1989,BB,2.00,0.00,367942.21,7236497.08
1989,OB,2.00,0.00,367734.73,7236029.90
1989,OB,1.00,0.00,367531.65,7235108.65
1989,OB,4.00,0.00,368582.61,7236038.07
1989,OB,1.00,0.00,368987.56,7236972.31
1989,BB,2.00,0.00,370876.66,7237909.52
1989,BB,3.00,0.00,372359.12,7237004.15
1989,BB,2.00,0.00,373192.75,7237465.99
1989,BB,3.00,0.00,374687.67,7235176.05
1989,BB,4.00,0.00,374704.61,7233326.61
1989,BB,2.00,0.00,355133.43,7214447.20
1989,BB,6.00,0.00,353883.65,7213503.35
1989,BB,4.00,0.00,352858.06,7211420.91
1989,OB,4.00,0.00,352521.21,7222959.19
1989,OB,2.00,0.00,356889.93,7227613.59
1989,OB,1.00,0.00,354988.43,7228058.71
1989,OB,2.00,0.00,353530.60,7227577.93
1989,BB,2.00,0.00,350821.91,7225244.63
1989,BB,3.00,0.00,351661.62,7225021.18
1989,OB,1.00,0.00,351434.72,7226403.29
1989,OB,2.00,0.00,351190.15,7229402.39
1989,OB,1.00,0.00,351396.97,7229869.86
1989,OB,3.00,0.00,354313.68,7232670.40
1989,OB,8.00,0.00,353845.46,7236819.06
1989,BB,1.00,0.00,353635.96,7236584.22
1989,BB,1.00,0.00,349221.95,7236768.93
1989,OB,1.00,0.00,347972.98,7235592.07
1989,BB,4.00,0.00,342939.04,7234383.22
1989,OB,1.00,0.00,341486.69,7232527.68
1989,BB,3.00,0.00,339626.61,7230190.85
1989,BB,2.00,0.00,340729.83,7225595.66
1989,BB,9.00,0.00,341148.82,7225135.31
1989,BB,1.00,0.00,341156.96,7224437.54
1989,BB,3.00,0.00,341969.41,7227448.89
1989,BB,2.00,0.00,342809.43,7227225.98
1989,BB,3.00,0.00,344530.94,7224022.30
1989,BB,1.00,0.00,347450.40,7225439.92
1989,BB,3.00,0.00,348491.54,7227068.74
1989,BB,2.00,0.00,337558.81,7226710.29
1989,BB,3.00,0.00,342784.44,7211075.16
1989,OB,1.00,0.00,336447.69,7214234.82
1989,OB,1.00,0.00,336603.92,7218844.96
1989,BB,2.00,0.00,332749.27,7224802.18
1989,OB,1.00,0.00,336016.65,7232463.15
1989,OB,1.00,0.00,336853.44,7233392.58
1989,OB,3.00,0.00,337278.20,7232478.23
1989,BB,1.00,0.00,338327.03,7233410.08
1989,BB,1.00,0.00,338313.41,7234561.95
1989,BB,2.00,0.00,329671.59,7235376.53
1989,BB,4.00,0.00,324225.04,7234155.55
1989,OB,2.00,0.00,321982.60,7228820.11
1989,OB,2.00,0.00,321368.08,7227194.66
1989,OB,3.00,0.00,326477.23,7222186.89
1989,BB,2.00,0.00,326318.49,7218030.59
1989,BB,2.00,0.00,322142.42,7216591.77
1989,BB,4.00,0.00,318501.89,7221163.37
1989,OB,2.00,0.00,330525.86,7184151.48
1989,OB,1.00,0.00,331565.91,7184629.88
1989,OB,1.00,0.00,331571.75,7184164.66
1989,OB,1.00,0.00,332199.50,7184637.82
1989,OB,1.00,0.00,332624.79,7184410.50
1989,OB,1.00,0.00,332642.09,7183025.93
1989,OB,2.00,0.00,332851.77,7182341.70
1989,OB,1.00,0.00,332043.32,7180248.86
1989,BB,3.00,0.00,338785.24,7177329.66
1989,BB,7.00,0.00,339386.19,7179186.91
1989,BB,5.00,0.00,337890.60,7181473.09
1989,OB,1.00,0.00,348802.36,7180448.72
1989,BB,7.00,0.00,324820.92,7204396.15
1989,OB,2.00,0.00,325320.49,7197711.26
1989,OB,2.00,0.00,326823.03,7195182.62
1989,BB,5.00,0.00,326409.16,7194490.43
1989,OB,1.00,0.00,328978.13,7190368.95
1989,BB,7.00,0.00,329224.64,7187602.50
1989,OB,1.00,0.00,331528.21,7187631.61
1989,OB,2.00,0.00,333630.98,7204740.12
1989,OB,3.00,0.00,334469.80,7204517.78
1989,BB,1.00,0.00,334664.37,7205904.89
1989,OB,1.00,0.00,335300.21,7204982.12
1989,OB,1.00,0.00,335517.25,7204530.57
1989,OB,4.00,0.00,335734.42,7204067.95
1989,BB,2.00,0.00,335492.05,7206601.81
1989,OB,2.00,0.00,335709.11,7206150.26
1989,OB,4.00,0.00,335717.59,7205452.46
1989,OB,1.00,0.00,336542.48,7206381.91
1989,OB,2.00,0.00,337383.02,7206857.31
1989,BB,2.00,0.00,336143.45,7205225.00
1989,OB,1.00,0.00,336146.27,7204992.40
1989,OB,1.00,0.00,337193.76,7205005.06
1989,OB,1.00,0.00,337410.73,7204553.49
1989,OB,1.00,0.00,337210.44,7203620.55
1989,BB,5.00,0.00,337466.34,7199934.75
1989,BB,5.00,0.00,338101.61,7199022.94
1989,OB,2.00,0.00,339574.23,7198807.91
1989,BB,7.00,0.00,338118.24,7197638.43
1989,OB,2.00,0.00,337597.24,7189091.16
1989,OB,1.00,0.00,339456.37,7190963.50
1989,BB,6.00,0.00,340313.45,7189123.73
1989,BB,2.00,0.00,340755.16,7187511.63
1989,BB,5.00,0.00,342017.98,7187061.29
1989,BB,3.00,0.00,344535.13,7186869.14
1989,BB,5.00,0.00,351037.80,7186477.67
1989,BB,1.00,0.00,351887.87,7185102.43
1989,OB,3.00,0.00,353313.26,7189039.40
1989,OB,2.00,0.00,354744.47,7192522.05
1989,OB,1.00,0.00,354510.77,7194590.92
1989,BB,3.00,0.00,349809.12,7202847.10
1989,BB,8.00,0.00,352069.66,7207025.89
1989,BB,6.00,0.00,353945.76,7207744.12
1989,BB,1.00,0.00,356665.90,7208692.57
1989,BB,6.00,0.00,360700.37,7204348.40
1989,OB,2.00,0.00,358061.11,7195780.81
1989,OB,11.00,0.00,358318.65,7191397.12
1989,OB,3.00,0.00,359581.03,7190956.22
1989,BB,1.00,0.00,359588.32,7190258.46
1989,BB,2.00,0.00,355825.62,7189299.22
1989,OB,4.00,0.00,365462.54,7189399.22
1989,BB,8.00,0.00,366801.21,7202560.19
1989,OB,3.00,0.00,372134.73,7193385.37
1989,OB,1.00,0.00,374236.23,7192485.87
1989,BB,2.00,0.00,374221.11,7194102.84
1989,BB,1.00,0.00,374428.18,7194558.89
1989,BB,4.00,0.00,373571.23,7196865.76
1989,BB,7.00,0.00,373351.24,7197783.01
1989,OB,1.00,0.00,373118.19,7200084.63
1989,BB,1.00,0.00,376051.34,7200809.68
1989,BB,3.00,0.00,375981.53,7208418.14
1989,BB,11.00,0.00,377035.37,7207741.06
1989,BB,6.00,0.00,384817.04,7205959.94
1989,BB,5.00,0.00,378806.59,7197833.17
1989,BB,2.00,0.00,387020.15,7193053.46
1989,OB,2.00,0.00,387869.09,7192606.47
1989,OB,1.00,0.00,388058.79,7193992.49
1989,OB,3.00,0.00,389907.10,7199312.85
1989,BB,10.00,0.00,391387.88,7197940.45
1989,BB,3.00,0.00,394336.65,7195427.66
1989,OB,2.00,0.00,397097.26,7191063.27
1989,BB,1.00,0.00,396690.18,7190362.41
1989,OB,2.00,0.00,397526.77,7190147.31
1989,BB,2.00,0.00,396482.44,7189906.73
1989,OB,3.00,0.00,395855.95,7188971.56
1989,OB,1.00,0.00,395768.41,7200278.68
1989,OB,3.00,0.00,397030.19,7199834.29
1989,OB,2.00,0.00,394889.80,7205809.42
1989,OB,1.00,0.00,397183.68,7207444.01
1989,OB,2.00,0.00,396972.17,7207442.40
1989,OB,2.00,0.00,397374.20,7210214.20
1989,OB,1.00,0.00,399763.30,7199157.15
1989,OB,2.00,0.00,400192.86,7198241.11
1989,WR,2.00,0.00,336578.28,7180936.75
1989,BH,12.00,2.00,344995.44,7186805.83
1989,BH,15.00,3.00,351538.12,7183137.24
1989,WR,4.00,0.00,344200.26,7180755.11
1989,WR,2.00,0.00,344515.13,7181684.55
1989,WR,1.00,0.00,345443.45,7182994.91
1989,WR,1.00,0.00,347771.97,7180174.78
1989,WR,3.00,0.00,345103.07,7188275.35
1989,BH,88.00,7.00,358519.32,7190454.50
1989,WR,3.00,0.00,347857.56,7192591.88
1989,WR,1.00,0.00,352803.68,7194399.33
1989,WR,3.00,0.00,350057.46,7195620.34
1989,WR,2.00,0.00,357619.81,7192797.42
1989,WR,2.00,0.00,361367.06,7187720.73
1989,WR,1.00,0.00,359464.44,7192465.91
1989,WR,2.00,0.00,359326.64,7192954.12
1989,WR,1.00,0.00,363338.27,7193720.36
1989,WR,2.00,0.00,356384.49,7195388.22
1989,WR,3.00,1.00,353775.16,7195119.83
1989,WR,2.00,1.00,354180.87,7197050.09
1989,WR,1.00,0.00,349436.70,7200595.18
1989,WR,6.00,0.00,348953.02,7198673.40
1989,WR,2.00,1.00,348778.79,7199193.87
1989,WR,4.00,1.00,347413.11,7198602.62
1989,WR,1.00,0.00,348227.83,7199462.86
1989,WR,2.00,0.00,346992.88,7200603.41
1989,SR,2.00,1.00,347038.37,7202303.06
1989,WR,2.00,0.00,344743.38,7195055.81
1989,WR,1.00,0.00,344873.52,7197319.22
1989,WR,2.00,1.00,345422.56,7197668.30
1989,WR,6.00,0.00,344448.38,7197613.42
1989,WR,2.00,0.00,344155.46,7203164.30
1989,WR,2.00,0.00,343445.74,7203007.80
1989,WR,3.00,0.00,343232.68,7203303.65
1989,WR,1.00,0.00,344023.19,7203853.40
1989,WR,2.00,0.00,343738.35,7204717.49
1989,WR,2.00,0.00,342798.39,7204309.71
1989,WR,1.00,0.00,341492.65,7203482.57
1989,WR,3.00,1.00,340686.22,7203359.60
1989,WR,3.00,0.00,338471.60,7204390.73
1989,WR,2.00,0.00,338360.69,7205387.95
1989,WR,2.00,0.00,338151.18,7206764.65
1989,WR,6.00,0.00,334312.31,7210300.32
1989,WR,2.00,0.00,335690.28,7211450.05
1989,WR,3.00,0.00,334599.38,7211613.41
1989,WR,2.00,0.00,332980.64,7217465.16
1989,WR,2.00,0.00,331709.85,7217489.84
1989,SR,2.00,0.00,328514.03,7223127.99
1989,WR,3.00,0.00,326965.35,7221020.29
1989,WR,2.00,0.00,325625.21,7221317.65
1989,WR,3.00,0.00,324460.88,7221435.48
1989,WR,1.00,0.00,324775.81,7233405.76
1989,WR,2.00,0.00,324332.54,7230972.67
1989,WR,1.00,0.00,322637.89,7227716.95
1989,WR,3.00,0.00,323238.00,7226997.22
1989,WR,3.00,0.00,323114.44,7224196.95
1989,WR,1.00,0.00,321307.02,7223222.48
1989,BH,218.00,20.00,322607.88,7222761.91
1989,WR,4.00,0.00,322216.32,7217918.66
1989,BH,168.00,17.00,322974.02,7212100.36
1989,WR,1.00,0.00,326017.88,7211213.73
1989,WR,3.00,0.00,329204.25,7212226.71
1989,BH,482.00,63.00,325417.53,7207019.80
1989,WR,1.00,0.00,332018.10,7207465.70
1989,WR,2.00,0.00,330565.27,7205563.72
1989,WR,2.00,1.00,333138.58,7203473.06
1989,WR,1.00,0.00,333460.01,7203080.39
1989,WR,1.00,0.00,326690.27,7198363.72
1989,WR,2.00,1.00,327983.95,7198004.41
1989,WR,1.00,0.00,330981.55,7199076.83
1989,WR,2.00,1.00,328705.83,7195603.41
1989,WR,4.00,0.00,327253.73,7194603.82
1989,WR,3.00,0.00,331392.39,7193708.85
1989,WR,1.00,0.00,333380.26,7194085.79
1989,WR,2.00,1.00,333766.73,7192969.64
1989,WR,3.00,0.00,333418.24,7192222.35
1989,WR,4.00,0.00,334661.00,7189727.60
1989,WR,5.00,0.00,335941.56,7189339.36
1989,WR,3.00,0.00,336376.12,7195591.91
1989,WR,1.00,0.00,336632.83,7197021.35
1989,WR,1.00,0.00,337353.55,7195855.99
1989,WR,2.00,0.00,338581.76,7195835.16
1989,WR,1.00,0.00,337998.05,7197608.64
1989,WR,2.00,0.00,338933.73,7197820.89
1989,WR,2.00,0.00,338768.90,7197344.52
1989,WR,4.00,0.00,339663.35,7197596.57
1989,WR,1.00,0.00,341988.25,7199113.21
1989,WR,1.00,0.00,342371.44,7196977.00
1989,WR,3.00,0.00,341694.52,7196200.52
1989,WR,2.00,0.00,341651.15,7194559.31
1989,WR,2.00,0.00,340731.95,7188307.52
1989,WR,2.00,0.00,326751.23,7203807.77
1989,WR,5.00,0.00,367541.42,7193965.02
1989,BH,122.00,19.00,370730.62,7193277.41
1989,WR,2.00,0.00,369792.16,7194651.50
1989,WR,1.00,0.00,367988.70,7195511.53
1989,WR,3.00,0.00,365595.22,7196579.26
1989,WR,2.00,1.00,367900.66,7200033.60
1989,WR,2.00,1.00,366749.86,7200663.72
1989,WR,2.00,0.00,369086.41,7201990.04
1989,WR,3.00,0.00,361502.22,7197449.87
1989,WR,4.00,1.00,361066.23,7197668.09
1989,WR,1.00,0.00,360463.97,7197860.31
1989,WR,2.00,1.00,358117.48,7201106.93
1989,WR,2.00,1.00,357443.67,7202556.44
1989,SR,2.00,1.00,355111.08,7202415.68
1989,WR,2.00,0.00,354144.30,7202084.48
1989,WR,3.00,0.00,357682.24,7203183.94
1989,WR,2.00,0.00,355957.83,7203222.60
1989,WR,4.00,0.00,355517.73,7203916.11
1989,WR,2.00,0.00,355914.52,7204594.96
1989,WR,2.00,0.00,354674.92,7204111.16
1989,WR,2.00,0.00,353263.92,7204007.95
1989,WR,2.00,0.00,357600.66,7206358.51
1989,WR,3.00,0.00,356995.32,7207237.13
1989,WR,2.00,1.00,354210.54,7207438.67
1989,WR,2.00,0.00,350191.26,7207005.50
1989,WR,2.00,0.00,346890.52,7206422.45
1989,WR,5.00,0.00,349378.58,7207724.68
1989,WR,3.00,0.00,351114.23,7208859.36
1989,WR,2.00,0.00,352306.08,7210148.67
1989,WR,2.00,0.00,351649.74,7210888.78
1989,WR,1.00,0.00,354473.07,7212181.16
1989,WR,5.00,0.00,355017.32,7213101.86
1989,WR,3.00,0.00,352856.90,7213391.31
1989,WR,2.00,0.00,352075.62,7211636.96
1989,WR,3.00,0.00,352140.43,7212088.31
1989,WR,2.00,0.00,350867.17,7212012.98
1989,WR,3.00,0.00,351410.46,7212437.94
1989,WR,2.00,0.00,350974.26,7212632.98
1989,WR,3.00,0.00,350363.54,7212295.70
1989,BH,201.00,26.00,349048.49,7213742.65
1989,WR,1.00,0.00,347820.38,7207630.78
1989,WR,2.00,1.00,347265.91,7208718.54
1989,WR,2.00,1.00,346756.75,7209158.69
1989,WR,2.00,0.00,345684.66,7208242.49
1989,WR,2.00,1.00,346887.48,7210638.75
1989,WR,2.00,1.00,345131.56,7210550.87
1989,WR,2.00,1.00,342899.91,7210735.59
1989,WR,2.00,1.00,341267.52,7210537.77
1989,WR,2.00,1.00,345859.45,7211618.01
1989,WR,3.00,0.00,342133.74,7208413.76
1989,WR,3.00,0.00,342695.88,7209017.50
1989,WR,2.00,0.00,342078.65,7209414.65
1989,WR,3.00,0.00,341060.66,7209742.72
1989,WR,3.00,0.00,341012.26,7211682.15
1989,WR,1.00,0.00,342080.46,7212410.45
1989,WR,5.00,0.00,342517.98,7212284.37
1989,WR,1.00,0.00,343735.82,7210279.16
1989,WR,2.00,0.00,344082.54,7210654.77
1989,WR,1.00,0.00,345131.88,7210924.70
1989,WR,2.00,0.00,344990.91,7210110.69
1989,WR,5.00,0.00,345331.65,7209753.75
1989,WR,2.00,0.00,346135.45,7210817.28
1989,WR,3.00,0.00,346133.85,7212076.06
1989,WR,2.00,0.00,347705.67,7212409.42
1989,WR,2.00,1.00,344278.09,7211520.74
1989,WR,4.00,0.00,348037.94,7213677.23
1989,WR,2.00,0.00,349302.23,7214495.20
1989,WR,2.00,0.00,349066.38,7214922.94
1989,WR,1.00,0.00,350104.15,7216087.36
1989,WR,2.00,0.00,348892.42,7216478.42
1989,WR,2.00,0.00,348249.55,7215568.26
1989,WR,2.00,0.00,347765.27,7214966.31
1989,WR,4.00,0.00,347509.37,7214592.59
1989,WR,3.00,0.00,346195.20,7216489.42
1989,WR,1.00,0.00,343534.64,7216564.18
1989,WR,2.00,0.00,344249.77,7216219.75
1989,WR,1.00,0.00,344340.10,7215478.96
1989,WR,1.00,0.00,345087.61,7214896.07
1989,WR,5.00,0.00,343937.90,7213660.36
1989,WR,2.00,0.00,344809.36,7214374.36
1989,WR,2.00,0.00,345052.54,7214096.87
1989,WR,2.00,0.00,345206.05,7213616.71
1989,WR,2.00,0.00,346012.45,7214166.59
1989,WR,4.00,0.00,341466.69,7213265.41
1989,WR,7.00,0.00,342368.87,7214598.16
1989,WR,4.00,0.00,342202.22,7216258.01
1989,WR,1.00,0.00,340830.51,7214483.56
1989,WR,3.00,0.00,338253.46,7212412.52
1989,WR,1.00,0.00,339141.18,7214200.44
1989,WR,4.00,0.00,339891.97,7216400.06
1989,WR,2.00,0.00,340534.26,7217699.74
1989,WR,2.00,0.00,340161.47,7217997.45
1989,WR,2.00,0.00,338540.30,7216683.15
1989,WR,1.00,0.00,338322.58,7217579.02
1989,WR,1.00,0.00,335999.03,7218241.51
1989,WR,3.00,0.00,334653.77,7218819.37
1989,WR,2.00,1.00,366305.05,7194323.99
1989,SR,1.00,0.00,328692.46,7234769.50
1989,WR,2.00,1.00,328617.89,7233712.52
1989,WR,1.00,0.00,330694.35,7233513.92
1989,WR,3.00,0.00,327764.20,7231863.62
1989,WR,2.00,0.00,327822.83,7231231.58
1989,WR,1.00,0.00,332292.81,7232646.53
1989,WR,2.00,1.00,331504.71,7230791.62
1989,WR,3.00,0.00,332468.62,7230722.43
1989,WR,2.00,1.00,326923.06,7228318.57
1989,WR,5.00,0.00,326625.01,7227302.65
1989,WR,2.00,1.00,327466.47,7226287.71
1989,WR,2.00,1.00,328882.02,7226284.18
1989,WR,2.00,0.00,327693.36,7224987.77
1989,WR,3.00,0.00,327829.28,7224413.29
1989,SR,2.00,0.00,330969.73,7229575.12
1989,BH,45.00,4.00,338793.51,7235565.60
1989,WR,1.00,0.00,339824.79,7235690.49
1989,WR,2.00,0.00,339891.89,7235114.56
1989,WR,2.00,0.00,336786.32,7232415.05
1989,WR,2.00,1.00,336324.83,7230157.61
1989,WR,8.00,0.00,339136.31,7231172.97
1989,WR,2.00,1.00,336131.60,7230194.39
1989,WR,1.00,0.00,330659.25,7228655.71
1989,WR,2.00,0.00,333915.16,7228450.49
1989,WR,1.00,0.00,333046.42,7227705.37
1989,WR,2.00,0.00,332073.68,7226724.07
1989,WR,1.00,0.00,332207.26,7226131.72
1989,WR,3.00,0.00,330597.42,7224122.44
1989,WR,1.00,0.00,330658.47,7222498.59
1989,WR,1.00,0.00,331245.65,7222131.79
1989,WR,2.00,0.00,333476.62,7224214.78
1989,WR,1.00,0.00,333387.20,7222503.94
1989,WR,2.00,0.00,333785.23,7222974.95
1989,WR,3.00,0.00,333743.15,7223553.93
1989,WR,8.00,1.00,334781.33,7224170.24
1989,SR,1.00,0.00,335800.34,7224610.60
1989,WR,2.00,0.00,337085.08,7225313.10
1989,WR,2.00,0.00,336364.86,7223981.18
1989,WR,5.00,0.00,336410.36,7223478.56
1989,WR,2.00,0.00,336357.73,7223073.14
1989,WR,3.00,0.00,336280.76,7222618.90
1989,WR,2.00,1.00,338183.62,7223544.92
1989,WR,2.00,1.00,337653.63,7223844.49
1989,WR,5.00,0.00,337808.04,7224480.84
1989,WR,2.00,1.00,338311.29,7226037.18
1989,WR,2.00,0.00,338274.51,7226613.73
1989,WR,4.00,0.00,339134.83,7227282.04
1989,WR,2.00,0.00,340343.31,7224938.62
1989,WR,2.00,0.00,341572.85,7224467.23
1989,WR,4.00,0.00,345081.97,7225363.05
1989,WR,1.00,0.00,346344.02,7225166.52
1989,WR,2.00,0.00,346143.18,7225734.77
1989,WR,2.00,0.00,345776.14,7226124.30
1989,WR,2.00,0.00,345572.95,7226550.09
1989,WR,2.00,0.00,346093.96,7227104.48
1989,WR,6.00,0.00,349266.41,7226713.47
1989,WR,3.00,0.00,345562.47,7230761.07
1989,WR,6.00,0.00,341197.40,7229917.15
1989,WR,8.00,0.00,342323.24,7229847.95
1989,WR,2.00,0.00,343339.89,7229662.06
1989,WR,2.00,0.00,341261.30,7229371.67
1989,WR,2.00,0.00,342859.68,7228704.03
1989,WR,3.00,0.00,344346.85,7226843.90
1989,WR,4.00,0.00,344142.29,7226295.66
1989,WR,1.00,0.00,346881.43,7221843.15
1989,BH,97.00,10.00,340532.33,7220746.32
1989,WR,2.00,0.00,340260.79,7219886.41
1989,WR,1.00,0.00,341864.88,7219392.00
1989,WR,5.00,0.00,341891.41,7217912.46
1989,WR,2.00,1.00,342981.34,7218722.45
1989,WR,4.00,0.00,346039.41,7219705.83
1989,WR,1.00,0.00,350087.51,7220018.46
1989,WR,2.00,1.00,347354.93,7218411.71
1989,WR,3.00,0.00,348797.92,7218508.43
1989,WR,2.00,0.00,357945.36,7223976.94
1989,WR,3.00,0.00,354114.34,7224039.57
1989,WR,2.00,0.00,352581.50,7219008.48
1989,WR,5.00,0.00,355719.71,7219388.49
1989,WR,2.00,0.00,351687.42,7216511.99
1989,WR,3.00,1.00,353108.11,7216976.56
1989,WR,2.00,0.00,354200.53,7216600.67
1989,WR,1.00,0.00,355957.12,7217780.78
1989,WR,3.00,0.00,355844.00,7216110.50
1989,WR,2.00,1.00,357283.61,7213917.67
1989,BH,27.00,3.00,359186.71,7215377.30
1989,WR,2.00,0.00,358472.74,7216782.89
1989,WR,2.00,0.00,363784.12,7203976.29
1989,WR,2.00,0.00,363555.55,7204874.80
1989,WR,2.00,0.00,365724.40,7205148.40
1989,WR,2.00,0.00,365856.94,7206920.61
1989,WR,2.00,0.00,365990.76,7208624.18
1989,WR,1.00,0.00,368138.20,7207717.12
1989,WR,1.00,0.00,365224.65,7207781.28
1989,WR,4.00,0.00,363752.86,7210182.77
1989,WR,1.00,0.00,365462.27,7207783.07
1989,WR,1.00,0.00,368134.63,7207633.14
1989,WR,3.00,0.00,366208.27,7207488.96
1989,WR,4.00,0.00,366309.66,7203941.04
1989,WR,1.00,0.00,367804.22,7204319.02
1989,WR,3.00,0.00,373202.29,7208277.81
1989,WR,4.00,0.00,372690.86,7209046.85
1989,WR,1.00,0.00,369593.60,7212638.06
1989,WR,3.00,1.00,367962.95,7212463.86
1989,WR,3.00,0.00,367432.47,7212856.05
1989,WR,2.00,0.00,366988.94,7213903.29
1989,BH,310.00,44.00,384029.97,7194724.15
1989,WR,2.00,0.00,382665.63,7197782.72
1989,WR,2.00,0.00,385105.27,7197508.65
1989,BH,537.00,72.00,386752.05,7202295.97
1989,WR,3.00,0.00,386395.93,7201054.33
1989,WR,2.00,0.00,384046.44,7200427.56
1989,WR,2.00,0.00,382436.13,7207745.95
1989,WR,2.00,0.00,378375.05,7207816.31
1989,WR,3.00,0.00,382510.66,7208733.75
1989,WR,1.00,0.00,381594.66,7209839.49
1989,WR,3.00,0.00,381359.67,7211038.15
1989,WR,1.00,0.00,380055.44,7212658.42
1989,WR,2.00,0.00,379218.38,7215201.96
1989,WR,3.00,0.00,378043.94,7214207.91
1989,WR,2.00,1.00,378471.68,7217769.89
1989,WR,1.00,0.00,374185.36,7216200.35
1989,WR,2.00,1.00,371480.08,7216264.53
1989,WR,1.00,0.00,371825.79,7217328.42
1989,WR,2.00,0.00,366039.20,7216238.16
1989,WR,2.00,0.00,365475.08,7219063.12
1989,WR,5.00,0.00,363667.25,7221517.01
1989,WR,2.00,1.00,382506.91,7222471.31
1989,WR,1.00,0.00,385774.86,7224115.21
1989,WR,2.00,0.00,387876.27,7222355.02
1989,WR,3.00,0.00,388301.43,7222041.67
1989,WR,2.00,1.00,386768.34,7216595.65
1989,SR,1.00,0.00,384425.39,7214029.22
1989,WR,5.00,0.00,385315.00,7213759.36
1989,WR,1.00,0.00,390658.45,7219133.53
1989,WR,2.00,0.00,389686.06,7217462.47
1989,WR,2.00,0.00,389690.96,7216844.72
1989,WR,2.00,0.00,389728.52,7216397.85
1989,BH,668.00,84.00,389068.61,7215598.84
1989,WR,2.00,1.00,381296.44,7222822.03
1989,WR,5.00,0.00,380759.03,7224234.20
1989,WR,2.00,0.00,380598.25,7225973.13
1989,WR,1.00,0.00,376971.09,7222689.41
1989,WR,2.00,1.00,377247.61,7223393.41
1989,WR,1.00,0.00,375060.56,7222824.04
1989,WR,7.00,0.00,375066.66,7223205.54
1989,WR,2.00,0.00,368628.38,7222608.64
1989,WR,2.00,1.00,373145.56,7225844.25
1989,WR,2.00,1.00,372767.46,7227503.05
1989,WR,2.00,0.00,377846.66,7227764.32
1989,WR,1.00,0.00,377510.68,7228912.88
1989,SR,1.00,0.00,376832.17,7231586.16
1989,WR,2.00,0.00,374223.88,7231579.00
1989,SR,1.00,0.00,370012.73,7229969.04
1989,WR,3.00,1.00,369808.32,7230939.25
1989,WR,4.00,0.00,367191.59,7228982.88
1989,WR,2.00,1.00,368204.66,7226247.31
1989,WR,5.00,0.00,360846.61,7225203.09
1989,WR,2.00,0.00,364838.43,7227193.48
1989,WR,3.00,0.00,365803.42,7227597.47
1989,WR,2.00,0.00,365679.79,7226723.07
1989,WR,4.00,0.00,366881.00,7227510.14
1989,WR,3.00,0.00,367292.13,7227169.18
1989,WR,2.00,0.00,367209.19,7231274.18
1989,SR,1.00,0.00,350671.03,7232223.06
1989,WR,4.00,0.00,351195.95,7230582.77
1989,SR,5.00,0.00,355844.34,7230930.38
1989,SR,1.00,0.00,359897.30,7233101.27
1989,WR,1.00,0.00,361840.13,7232956.55
1989,BH,120.00,10.00,361738.10,7234533.73
1989,SR,1.00,0.00,366880.28,7232254.84
1989,SR,1.00,0.00,367679.58,7232170.03
1989,SR,2.00,1.00,367721.61,7232514.05
1989,SR,2.00,1.00,367744.89,7232916.21
1989,SR,2.00,1.00,368594.79,7233554.38
1989,WR,4.00,0.00,394908.70,7240085.64
1989,WR,2.00,1.00,397338.96,7238591.05
1989,BH,595.00,66.00,384990.38,7227493.87
1989,WR,1.00,0.00,386138.12,7210757.62
1989,WR,2.00,0.00,388370.27,7213121.08
1989,WR,5.00,0.00,388350.09,7205337.99
1989,WR,1.00,0.00,391814.41,7207278.84
1989,WR,3.00,0.00,391428.58,7209746.43
1989,WR,4.00,0.00,392312.70,7212171.10
1989,WR,3.00,0.00,393090.74,7209038.62
1989,WR,5.00,1.00,392399.64,7209731.70
1989,WR,2.00,0.00,396043.15,7215513.38
1989,BH,25.00,6.00,401295.26,7214586.67
1989,WR,1.00,0.00,398985.89,7213302.25
1989,WR,2.00,0.00,396974.32,7213054.38
1989,WR,3.00,0.00,396940.70,7212453.82
1989,WR,3.00,0.00,397536.52,7209264.85
1989,WR,3.00,0.00,394814.88,7207594.28
1989,WR,1.00,0.00,395971.36,7206061.87
1989,BH,275.00,42.00,396474.60,7201203.56
1989,WR,2.00,0.00,337764.28,7176194.95
1989,BH,65.00,8.00,337886.10,7177441.55
1989,WR,2.00,0.00,341520.81,7179513.14
1989,BH,120.00,15.00,342783.08,7179551.62
1989,BH,95.00,11.00,343137.09,7178565.36
1989,BH,191.00,17.00,376882.26,7239093.32
1989,BH,243.00,34.00,373271.70,7240649.08
1989,BH,16.00,2.00,371124.89,7240469.79
1989,BH,335.00,33.00,382903.31,7251109.45
1989,BH,504.00,55.00,387648.01,7257782.20
1989,BH,481.00,37.00,383445.43,7256197.92
1989,WR,2.00,0.00,398080.80,7261812.90
1989,BH,313.00,26.00,365950.59,7258328.07
1989,BH,494.00,35.00,363082.24,7261790.29
1989,BH,147.00,8.00,374584.82,7264625.26
1989,WR,1.00,0.00,375447.05,7265956.59
1989,WR,2.00,0.00,366891.34,7266955.17
1989,WR,1.00,0.00,361284.81,7253427.60
1989,WR,1.00,0.00,391148.97,7252775.87
1989,WR,1.00,0.00,377187.07,7267921.48
1989,WR,3.00,0.00,368671.21,7269290.95
1989,WR,1.00,0.00,368091.84,7271012.12
1989,WR,1.00,0.00,369241.77,7272566.04
1989,WR,2.00,0.00,369620.01,7273190.41
1989,SR,2.00,1.00,370292.70,7274379.95
1989,WR,1.00,0.00,371895.04,7275423.45
1989,WR,2.00,0.00,370282.52,7275326.55
1989,WR,2.00,0.00,368690.21,7275420.69
1989,WR,3.00,0.00,383645.49,7275885.92
1989,WR,2.00,0.00,383188.95,7273750.96
1989,WR,1.00,0.00,382084.40,7277511.10
1989,WR,2.00,1.00,383261.00,7280892.56
1989,WR,1.00,0.00,378577.53,7280512.42
1989,WR,2.00,0.00,378408.64,7281379.16
1989,WR,1.00,0.00,378289.19,7281894.94
1989,WR,1.00,0.00,373466.13,7281060.81
1989,WR,4.00,1.00,372754.61,7283678.21
1989,WR,3.00,0.00,372346.84,7284159.73
1989,WR,2.00,1.00,368648.08,7282692.98
1989,WR,1.00,0.00,365167.43,7280373.21
1989,BH,124.00,6.00,364270.56,7284013.72
1989,BH,386.00,46.00,352899.15,7283959.79
1989,BH,325.00,46.00,361184.37,7286088.52
1989,BH,519.00,68.00,379516.62,7292069.78
1989,BH,312.00,40.00,381047.20,7299160.54
1989,BH,392.00,46.00,380749.71,7300641.96
1989,WR,3.00,0.00,362450.20,7296894.35
1989,WR,2.00,0.00,397462.58,7306013.86
1989,BH,299.00,32.00,392962.54,7309191.32
1989,WR,4.00,1.00,393506.41,7312789.78
1989,WR,1.00,0.00,383748.09,7312003.95
1989,WR,3.00,0.00,386531.45,7315138.90
1989,WR,2.00,1.00,385562.14,7317026.35
1989,WR,3.00,0.00,384684.23,7319007.42
1989,WR,2.00,0.00,384542.86,7319707.55
1989,WR,1.00,0.00,378538.20,7318642.01
1989,WR,3.00,0.00,385675.82,7327334.14
1989,WR,1.00,0.00,383592.32,7326853.73
1989,BH,420.00,35.00,374309.82,7330423.86
1989,BH,503.00,46.00,364504.83,7339607.12
1989,BH,147.00,15.00,359722.67,7334633.10
1989,BH,132.00,15.00,362665.91,7333037.28
1989,BH,377.00,47.00,351300.63,7324984.43
1989,WR,2.00,1.00,347509.03,7323843.70
1989,WR,2.00,1.00,352700.79,7321888.70
1989,WR,2.00,1.00,351706.38,7318893.96
1989,WR,2.00,1.00,352237.28,7318498.91
1989,WR,3.00,0.00,350737.96,7321701.79
1989,WR,1.00,0.00,353191.93,7322422.72
1989,BH,36.00,0.00,345986.20,7308115.12
1989,BH,495.00,38.00,361727.45,7349185.07
1989,BH,320.00,23.00,356227.63,7352359.54
1989,BH,501.00,36.00,335641.61,7347839.29
1989,BH,462.00,51.00,338597.61,7351571.47
1989,BH,167.00,14.00,341861.65,7352976.30
1989,BH,50.00,5.00,345654.33,7356869.91
1989,BH,110.00,3.00,341525.77,7357168.34
1989,BH,30.00,1.00,329780.92,7357419.03
1989,BH,226.00,21.00,351927.61,7361987.32
1989,BH,288.00,11.00,353601.50,7362927.29
1989,BH,73.00,6.00,364212.33,7361453.46
1989,BH,40.00,2.00,314101.20,7367737.86
1989,WR,1.00,0.00,344991.97,7376420.18
1989,BH,126.00,9.00,364328.29,7378165.42
1989,WR,2.00,0.00,346800.20,7382923.64
1989,BH,194.00,13.00,349685.90,7384982.80
1989,BH,238.00,20.00,358181.94,7391226.27
1989,WR,4.00,0.00,335874.16,7382294.19
1989,WR,2.00,1.00,336259.81,7385170.25
1989,WR,4.00,0.00,338470.69,7388479.20
1989,BH,347.00,26.00,333411.74,7393073.09
1989,BH,512.00,55.00,325888.76,7388105.91
1989,WR,1.00,0.00,330124.22,7397960.83
1989,BH,194.00,18.00,330221.81,7400548.07
1989,BH,154.00,55.00,324421.19,7402194.67
1989,BH,259.00,17.00,329271.02,7409812.50
1989,WR,2.00,0.00,325427.47,7409980.57
1989,WR,2.00,0.00,308739.30,7411484.83
1989,WR,2.00,0.00,302044.84,7415955.47
1989,WR,2.00,0.00,300048.66,7415737.78
1989,WR,4.00,0.00,322939.58,7425889.62
1989,BH,134.00,8.00,298992.54,7413087.67
1989,BH,401.00,4.00,320974.10,7428981.47
1989,BH,385.00,24.00,345976.82,7421709.67
1989,BH,367.00,23.00,337543.49,7427371.80
1989,BH,615.00,64.00,330869.66,7433364.91
1989,BH,383.00,26.00,342651.43,7434890.21
1989,BH,376.00,19.00,342558.64,7392946.53
1989,BH,97.00,11.00,319426.89,7522015.67
1989,BH,123.00,7.00,307513.21,7519060.62
1989,BH,128.00,14.00,305977.97,7518414.93
1989,BH,151.00,19.00,306610.39,7516156.98
1989,BH,12.00,1.00,312890.97,7513104.93
1989,BH,365.00,32.00,327590.85,7506022.00
1989,BH,193.00,18.00,293260.77,7488129.24
1989,BH,94.00,18.00,288091.74,7491516.61
1989,BH,257.00,31.00,289762.82,7493533.89
1989,BH,209.00,21.00,291356.17,7495784.20
1989,BH,102.00,11.00,293920.41,7502572.36
1989,BH,53.00,5.00,296372.76,7506225.87
1989,BH,82.00,11.00,303311.01,7502278.42
1989,BH,652.00,52.00,314771.63,7502996.74
1989,BH,357.00,38.00,315465.14,7480986.55
1989,BH,218.00,15.00,304615.69,7472534.31
1989,BH,393.00,29.00,304536.98,7469591.38
1989,BH,241.00,15.00,328528.36,7473787.72
1989,BH,43.00,1.00,335146.65,7469525.15
1989,WR,2.00,1.00,303389.29,7465672.87
1989,BH,163.00,12.00,299405.61,7437209.81
1989,BH,132.00,11.00,303355.85,7439156.76
1989,BH,129.00,11.00,301614.84,7441110.01
1989,BH,416.00,30.00,296792.32,7446941.33
1989,BH,436.00,36.00,296056.34,7450033.04
1989,BH,613.00,57.00,295367.54,7458218.85
1989,WR,3.00,0.00,303734.74,7456225.13
1989,BH,225.00,18.00,307763.26,7462988.96
1989,BH,332.00,21.00,322453.70,7459115.64
1989,BH,554.00,54.00,331697.11,7453894.44
1989,BH,579.00,54.00,343769.92,7452035.91
1989,BH,92.00,9.00,341862.65,7447696.63
1989,BH,250.00,13.00,350475.68,7438610.06
1989,WR,4.00,0.00,289939.66,7449930.52
1989,O,26.00,1.00,334116.29,7183910.62
1989,O,8.00,0.00,333925.68,7184080.05
1989,O,13.00,0.00,333793.47,7184415.60
1989,O,13.00,0.00,365284.93,7188211.27
1989,O,4.00,0.00,341679.79,7190279.63
1989,O,26.00,0.00,355265.11,7189142.70
1989,O,19.00,0.00,356426.42,7191949.49
1989,O,6.00,0.00,338206.67,7201735.10
1989,O,17.00,0.00,337743.88,7203802.45
1989,O,14.00,0.00,338431.18,7204403.30
1989,O,23.00,1.00,337140.70,7203756.70
1989,O,6.00,0.00,337200.40,7204232.68
1989,O,4.00,0.00,337936.32,7204491.48
1989,O,2.00,0.00,337835.71,7204802.20
1989,O,6.00,0.00,337629.40,7205200.04
1989,O,32.00,1.00,335974.07,7204577.65
1989,O,5.00,0.00,335776.85,7205666.49
1989,O,9.00,0.00,336771.01,7206343.75
1989,O,9.00,0.00,328740.64,7213726.55
1989,O,6.00,0.00,331992.71,7215624.52
1989,O,9.00,0.00,340342.01,7213703.44
1989,O,10.00,0.00,337548.41,7214134.21
1989,O,9.00,0.00,337218.99,7215444.34
1989,O,13.00,0.00,337041.88,7215756.31
1989,O,12.00,1.00,336703.48,7216032.53
1989,O,2.00,0.00,334828.72,7216673.84
1989,O,6.00,0.00,332530.43,7217442.25
1989,O,17.00,1.00,330953.56,7220897.41
1989,O,6.00,0.00,333589.04,7221900.26
1989,O,13.00,0.00,330792.66,7221516.93
1989,O,20.00,2.00,351915.78,7229576.28
1989,O,12.00,0.00,351861.89,7229011.62
1989,O,9.00,0.00,351738.77,7228514.45
1989,O,5.00,1.00,352216.07,7227346.06
1989,O,20.00,0.00,352232.69,7227315.84
1989,O,11.00,1.00,359091.08,7207401.61
1989,O,5.00,1.00,359205.46,7207113.83
1989,O,8.00,0.00,359198.88,7206684.53
1989,O,15.00,0.00,367072.79,7190261.90
1989,O,16.00,0.00,370547.61,7199455.29
1989,O,17.00,0.00,373596.12,7193561.54
1989,O,27.00,0.00,375851.61,7192501.51
1989,O,43.00,2.00,375697.28,7192903.12
1989,O,11.00,1.00,375684.99,7193428.64
1989,O,39.00,0.00,376155.73,7200436.76
1989,O,25.00,1.00,376112.45,7200855.17
1989,O,36.00,0.00,379282.33,7198034.77
1989,O,7.00,0.00,366780.97,7219104.99
1989,O,16.00,1.00,366846.18,7219362.44
1989,O,8.00,0.00,366768.43,7219864.13
1989,O,17.00,0.00,363104.11,7221526.71
1989,O,24.00,1.00,362501.19,7222099.27
1989,O,5.00,0.00,401165.71,7198662.24
1989,O,6.00,0.00,401108.40,7198945.94
1989,O,11.00,0.00,400921.29,7199794.32
1989,O,4.00,0.00,400919.33,7200215.81
1989,O,9.00,1.00,400831.62,7200621.03
1989,O,4.00,0.00,391270.83,7200617.69
1989,O,20.00,0.00,398124.14,7213715.82
1989,O,14.00,1.00,393235.68,7213938.87
1989,O,11.00,0.00,393128.81,7214308.25
1989,O,31.00,1.00,393010.91,7214697.80
1989,O,15.00,0.00,394539.44,7215633.88
1989,O,34.00,4.00,398204.96,7216644.58
1989,O,11.00,0.00,398102.31,7216975.96
1989,O,9.00,0.00,397884.87,7217437.95
1989,O,15.00,0.00,399017.75,7217797.26
1989,O,6.00,0.00,398047.20,7218008.76
1989,O,8.00,1.00,395202.72,7218366.89
1989,O,17.00,1.00,395082.08,7218700.56
1989,O,18.00,0.00,394448.01,7218956.66
1989,O,7.00,0.00,392706.77,7219767.46
1989,O,3.00,0.00,392050.88,7221528.97
1989,O,25.00,0.00,391934.49,7221880.45
1989,O,58.00,4.00,387243.63,7224970.93
1989,O,5.00,0.00,381983.33,7225027.83
1989,O,16.00,1.00,384740.62,7224125.25
1989,O,42.00,1.00,382299.15,7226474.46
1989,O,8.00,0.00,381924.66,7227563.87
1989,O,12.00,1.00,380357.22,7228073.34
1989,O,22.00,1.00,374574.97,7221898.66
1989,O,9.00,0.00,375712.42,7222089.84
1989,O,11.00,1.00,375693.41,7222475.57
1989,O,10.00,1.00,375057.34,7224790.26
1989,O,21.00,1.00,372496.79,7224053.21
1989,O,8.00,0.00,371829.10,7224422.09
1989,O,14.00,0.00,371913.23,7225012.45
1989,O,11.00,0.00,366679.32,7235557.14
1989,O,22.00,1.00,369398.67,7236617.42
1989,O,6.00,0.00,369234.96,7236985.82
1989,O,9.00,1.00,370151.11,7234177.63
1989,O,13.00,0.00,374201.55,7235334.70
1989,O,2.00,1.00,373912.92,7235648.08
1989,O,11.00,0.00,374666.54,7236499.20
1989,O,27.00,0.00,366757.32,7236050.94
1989,O,21.00,1.00,370823.27,7236500.71
1989,O,11.00,0.00,370778.25,7236954.63
1989,O,18.00,1.00,370570.69,7237276.71
1989,O,8.00,0.00,370484.19,7237628.46
1989,O,5.00,0.00,370299.90,7238001.66
1989,O,10.00,0.00,371039.03,7238832.47
1989,O,4.00,0.00,371162.79,7238562.51
1989,O,5.00,0.00,371610.51,7237812.13
1989,O,30.00,0.00,371766.23,7237509.61
1989,O,14.00,1.00,372287.54,7238309.31
1989,O,12.00,0.00,372424.73,7237963.35
1989,O,15.00,1.00,372705.19,7237723.54
1989,O,10.00,1.00,388237.92,7237081.19
1989,O,18.00,1.00,387925.45,7238278.20
1989,O,23.00,0.00,393086.46,7232057.30
1989,O,13.00,0.00,390892.15,7199028.22
1989,O,5.00,0.00,387710.63,7214837.46
1989,O,10.00,0.00,373959.68,7199486.43
1989,O,15.00,0.00,386726.61,7223879.84
1989,O,32.00,0.00,396327.76,7217804.57
1989,O,20.00,2.00,394683.86,7217250.69
1989,O,22.00,1.00,371819.15,7237167.54
1989,O,8.00,0.00,369556.09,7231312.17
1989,O,15.00,0.00,331283.28,7232239.02
1989,O,4.00,0.00,342858.59,7222571.03
1989,O,4.00,0.00,339280.01,7200216.47
1989,O,11.00,0.00,395440.77,7242158.45
1989,O,5.00,0.00,336910.70,7176127.85
1989,O,4.00,0.00,341179.90,7177870.26
1989,O,13.00,0.00,365031.19,7240885.99
1989,O,18.00,0.00,365566.97,7238117.75
1989,O,22.00,0.00,365557.59,7238396.73
1989,O,12.00,1.00,365377.67,7238632.24
1989,O,4.00,0.00,365817.96,7239230.08
1989,O,3.00,0.00,388369.39,7247505.36
1989,O,15.00,0.00,388133.04,7247932.39
1989,O,18.00,0.00,396968.05,7249229.09
1989,O,10.00,0.00,396763.65,7249532.80
1989,O,23.00,0.00,396437.70,7257999.08
1989,O,51.00,1.00,396452.04,7258349.80
1989,O,16.00,1.00,369436.87,7257270.16
1989,O,17.00,1.00,367907.44,7260139.45
1989,O,14.00,0.00,373755.49,7260800.88
1989,O,12.00,0.00,373716.03,7261152.54
1989,O,13.00,0.00,372334.96,7261467.84
1989,O,18.00,1.00,373709.33,7261586.45
1989,O,24.00,1.00,369263.92,7261248.08
1989,O,27.00,0.00,369214.05,7261528.33
1989,O,17.00,0.00,369979.24,7263357.20
1989,O,21.00,0.00,372068.00,7266628.38
1989,O,18.00,0.00,368896.22,7266278.57
1989,O,13.00,0.00,367290.28,7268904.28
1989,O,13.00,0.00,374509.92,7270445.67
1989,O,10.00,1.00,374565.45,7270838.33
1989,O,9.00,1.00,374578.47,7271290.61
1989,O,3.00,1.00,373164.48,7272881.99
1989,O,9.00,0.00,370209.55,7273747.70
1989,O,36.00,2.00,392222.06,7284021.03
1989,O,13.00,1.00,389442.62,7285327.57
1989,O,17.00,0.00,390516.75,7286986.41
1989,O,12.00,1.00,386562.24,7288026.72
1989,O,15.00,1.00,395415.90,7291975.74
1989,O,10.00,0.00,392981.59,7291559.41
1989,O,33.00,2.00,384210.37,7294625.00
1989,O,21.00,0.00,378587.52,7292843.71
1989,O,6.00,1.00,378484.13,7292431.87
1989,O,27.00,2.00,378487.06,7292185.72
1989,O,9.00,0.00,378320.52,7291764.35
1989,O,8.00,0.00,371834.25,7292731.21
1989,O,6.00,0.00,344800.43,7288683.22
1989,O,19.00,1.00,343541.79,7286491.36
1989,O,18.00,1.00,344482.69,7285430.46
1989,O,14.00,0.00,349898.65,7289418.04
1989,O,10.00,1.00,373819.70,7280784.64
1989,O,36.00,0.00,374090.13,7280353.77
1989,O,26.00,0.00,369960.26,7279728.73
1989,O,49.00,4.00,378801.59,7277852.48
1989,O,12.00,1.00,378930.25,7277094.82
1989,O,6.00,1.00,378533.37,7292479.05
1989,O,16.00,0.00,376170.78,7347191.41
1989,O,14.00,0.00,376334.28,7346714.58
1989,O,3.00,0.00,376241.48,7346323.76
1989,O,15.00,2.00,369560.37,7336201.41
1989,O,19.00,1.00,372877.81,7337262.31
1989,O,18.00,2.00,377718.87,7335615.34
1989,O,13.00,0.00,379418.29,7337326.27
1989,O,14.00,0.00,383485.87,7339884.67
1989,O,13.00,0.00,365744.18,7340028.76
1989,O,12.00,2.00,365556.60,7340436.33
1989,O,22.00,1.00,363716.69,7340728.38
1989,O,19.00,1.00,363637.03,7341084.97
1989,O,30.00,0.00,343876.20,7340788.36
1989,O,21.00,1.00,343884.41,7340259.85
1989,O,14.00,2.00,344158.41,7339574.96
1989,O,16.00,0.00,344200.58,7339110.80
1989,O,9.00,1.00,344330.34,7338702.10
1989,O,4.00,0.00,344252.33,7338265.60
1989,O,14.00,1.00,347332.88,7338185.66
1989,O,10.00,0.00,362731.86,7329894.45
1989,O,10.00,0.00,353845.58,7327598.13
1989,O,25.00,1.00,359375.66,7328746.26
1989,O,20.00,1.00,368278.97,7324530.48
1989,O,20.00,0.00,353629.86,7325206.46
1989,O,16.00,0.00,346633.96,7322620.92
1989,O,12.00,0.00,356205.76,7320067.85
1989,O,4.00,0.00,357846.75,7319190.35
1989,O,12.00,1.00,357787.98,7318787.42
1989,O,16.00,0.00,359045.21,7318549.17
1989,O,36.00,2.00,359014.19,7318151.96
1989,O,21.00,1.00,348492.89,7310181.63
1989,O,9.00,0.00,346473.48,7313415.57
1989,O,3.00,0.00,353179.76,7306020.85
1989,O,9.00,0.00,354165.35,7305855.60
1989,O,14.00,0.00,353147.42,7305582.91
1989,O,18.00,0.00,353023.99,7305239.44
1989,O,11.00,1.00,345071.78,7296633.59
1989,O,13.00,0.00,356237.75,7294833.89
1989,O,7.00,0.00,336877.43,7334492.32
1989,O,16.00,2.00,395428.40,7304422.08
1989,O,8.00,0.00,395671.35,7305382.52
1989,O,18.00,0.00,395359.03,7305754.87
1989,O,16.00,1.00,325828.16,7337257.37
1989,O,8.00,0.00,327418.58,7338314.43
1989,O,10.00,1.00,331453.11,7337356.69
1989,O,19.00,0.00,331946.91,7341199.94
1989,O,18.00,1.00,332475.73,7343260.72
1989,O,18.00,0.00,330953.13,7346379.70
1989,O,19.00,2.00,336981.57,7345745.13
1989,O,17.00,1.00,356713.74,7349105.82
1989,O,12.00,1.00,365611.83,7340513.91
1989,O,6.00,1.00,365567.78,7340160.51
1989,O,8.00,0.00,365643.27,7339759.77
1989,O,20.00,0.00,367468.10,7338487.29
1989,O,25.00,1.00,367465.57,7340049.90
1989,O,16.00,1.00,369218.61,7339070.57
1989,O,34.00,0.00,371551.04,7339933.16
1989,O,25.00,0.00,372196.48,7341103.30
1989,O,12.00,1.00,370540.25,7342940.74
1989,O,31.00,0.00,375852.27,7350133.96
1989,O,8.00,1.00,375868.27,7350533.07
1989,O,5.00,0.00,375864.32,7350901.29
1989,O,10.00,1.00,376081.78,7351417.45
1989,O,8.00,1.00,375033.21,7351371.40
1989,O,3.00,0.00,351230.39,7354420.11
1989,O,12.00,2.00,336555.12,7351077.99
1989,O,10.00,2.00,337157.29,7353991.17
1989,O,5.00,0.00,320700.23,7345427.73
1989,O,27.00,2.00,320560.16,7345824.88
1989,O,19.00,1.00,315585.82,7347557.13
1989,O,18.00,1.00,321138.21,7349460.04
1989,O,13.00,0.00,317260.02,7356185.79
1989,O,24.00,2.00,331505.41,7355935.40
1989,O,6.00,0.00,333034.47,7355174.77
1989,O,31.00,2.00,312872.89,7369715.76
1989,O,10.00,1.00,313455.53,7375397.71
1989,O,6.00,0.00,313748.55,7374647.17
1989,O,47.00,2.00,315298.70,7374893.81
1989,O,17.00,1.00,314268.72,7373643.99
1989,O,31.00,0.00,314364.13,7373202.77
1989,O,23.00,1.00,323318.54,7374212.15
1989,O,34.00,4.00,324743.57,7373435.51
1989,O,8.00,1.00,327402.76,7374063.77
1989,O,12.00,1.00,327393.61,7374536.86
1989,O,17.00,1.00,327499.40,7374960.28
1989,O,30.00,2.00,332494.36,7370021.26
1989,O,7.00,0.00,337253.32,7369973.37
1989,O,8.00,2.00,336935.09,7369478.35
1989,O,23.00,1.00,338111.55,7369746.07
1989,O,8.00,1.00,337334.01,7369058.69
1989,O,15.00,2.00,337270.81,7368469.63
1989,O,2.00,1.00,337313.42,7368127.41
1989,O,61.00,1.00,343452.62,7371176.52
1989,O,33.00,0.00,345632.81,7371560.40
1989,O,16.00,0.00,345057.53,7371098.36
1989,O,83.00,4.00,351130.49,7368012.70
1989,O,19.00,2.00,351799.69,7367033.08
1989,O,3.00,0.00,356293.87,7363134.57
1989,O,15.00,0.00,368477.80,7354300.38
1989,O,4.00,0.00,368338.95,7354703.04
1989,O,38.00,1.00,359895.72,7364826.11
1989,O,4.00,0.00,344038.88,7372756.46
1989,O,15.00,2.00,336717.12,7373452.96
1989,O,11.00,0.00,336517.51,7374335.48
1989,O,18.00,1.00,333429.15,7375570.70
1989,O,6.00,0.00,335808.62,7377608.28
1989,O,10.00,0.00,345911.10,7377428.33
1989,O,53.00,0.00,345883.62,7377793.75
1989,O,16.00,0.00,345911.86,7378369.55
1989,O,28.00,0.00,323853.90,7383179.58
1989,O,27.00,3.00,308516.66,7388596.81
1989,O,7.00,1.00,323205.84,7389642.46
1989,O,20.00,0.00,320603.54,7391938.10
1989,O,11.00,0.00,321788.60,7392966.83
1989,O,15.00,1.00,316195.60,7367626.04
1989,O,18.00,0.00,338384.42,7374251.04
1989,O,9.00,0.00,320528.44,7404217.41
1989,O,19.00,0.00,306045.05,7406949.88
1989,O,13.00,0.00,306465.68,7411333.76
1989,O,47.00,2.00,305591.77,7412652.53
1989,O,19.00,0.00,310394.79,7412894.47
1989,O,5.00,0.00,303891.15,7422782.70
1989,O,6.00,0.00,302119.03,7427986.59
1989,O,13.00,0.00,303235.52,7428729.32
1989,O,10.00,1.00,299733.93,7430607.37
1989,O,10.00,1.00,299925.15,7431754.81
1989,O,10.00,2.00,300665.24,7432889.41
1989,O,53.00,3.00,311293.55,7432244.90
1989,O,7.00,1.00,311200.00,7431854.48
1989,O,12.00,0.00,311331.36,7431543.29
1989,O,7.00,0.00,347400.32,7435828.07
1989,O,32.00,0.00,297758.73,7436942.99
1989,O,22.00,0.00,297506.64,7437142.43
1989,O,11.00,0.00,299185.80,7438406.84
1989,O,8.00,0.00,301277.74,7439065.61
1989,O,15.00,0.00,302362.17,7439668.01
1989,O,33.00,0.00,301246.38,7439584.12
1989,O,38.00,0.00,301096.05,7439872.62
1989,O,13.00,1.00,300034.77,7442303.67
1989,O,14.00,0.00,299969.40,7442755.00
1989,O,2.00,0.00,305635.77,7438869.19
1989,O,9.00,0.00,305576.45,7439282.30
1989,O,6.00,0.00,305453.11,7442358.84
1989,O,27.00,0.00,305360.00,7442814.74
1989,O,30.00,1.00,310946.07,7441615.65
1989,O,9.00,0.00,310214.94,7441025.96
1989,O,17.00,1.00,311173.74,7441246.75
1989,O,6.00,0.00,311342.44,7440794.86
1989,O,22.00,3.00,311242.96,7440350.52
1989,O,24.00,0.00,312013.22,7439176.44
1989,O,26.00,0.00,312182.97,7438793.61
1989,O,7.00,0.00,325029.27,7436573.39
1989,O,28.00,1.00,325931.25,7437101.58
1989,O,25.00,1.00,327795.42,7437164.21
1989,O,11.00,0.00,336157.89,7445953.19
1989,O,13.00,1.00,290330.01,7457870.88
1989,O,28.00,4.00,291321.22,7456894.07
1989,O,16.00,1.00,292687.33,7462592.24
1989,O,16.00,0.00,294312.38,7460193.58
1989,O,19.00,1.00,296241.91,7459606.53
1989,O,19.00,2.00,297947.76,7456122.32
1989,O,13.00,0.00,300404.76,7456637.50
1989,O,18.00,1.00,300526.12,7456171.95
1989,O,9.00,0.00,304054.81,7459273.03
1989,O,18.00,1.00,304177.74,7458848.42
1989,O,15.00,1.00,296495.27,7452369.14
1989,O,15.00,0.00,298675.14,7452326.60
1989,O,7.00,0.00,298825.52,7451925.59
1989,O,31.00,2.00,298997.43,7451581.27
1989,O,14.00,0.00,291772.85,7468713.78
1989,O,42.00,3.00,295789.72,7470995.56
1989,O,9.00,0.00,297033.14,7471028.51
1989,O,21.00,1.00,297083.76,7470561.54
1989,O,26.00,0.00,299534.12,7465943.97
1989,O,29.00,1.00,318338.64,7449641.88
1989,O,12.00,1.00,330691.71,7454972.61
1989,O,24.00,1.00,329096.00,7455045.83
1989,O,11.00,0.00,327961.80,7454682.45
1989,O,8.00,0.00,328878.25,7455310.33
1989,O,12.00,0.00,328004.75,7455202.29
1989,O,7.00,0.00,327634.67,7455361.70
1989,O,47.00,4.00,327400.59,7455554.29
1989,O,16.00,0.00,333952.08,7457028.34
1989,O,28.00,2.00,334002.22,7457448.57
1989,O,32.00,0.00,333911.60,7457817.68
1989,O,29.00,1.00,333817.52,7458235.32
1989,O,40.00,0.00,333755.82,7458548.70
1989,O,24.00,1.00,300412.92,7475554.07
1989,O,13.00,0.00,314661.71,7471199.53
1989,O,15.00,0.00,314744.63,7474709.40
1989,O,12.00,1.00,312159.59,7477551.88
1989,O,15.00,1.00,308564.94,7479157.16
1989,O,34.00,1.00,300645.49,7480458.44
1989,O,18.00,0.00,299375.74,7480317.92
1989,O,15.00,0.00,301841.49,7487187.36
1989,O,8.00,0.00,301550.05,7488012.66
1989,O,62.00,4.00,301702.71,7487632.12
1989,O,17.00,1.00,306149.55,7489678.65
1989,O,16.00,0.00,314202.33,7525153.66
1989,O,30.00,0.00,308764.63,7520181.22
1989,O,31.00,1.00,308682.27,7519839.23
1989,O,21.00,1.00,308236.37,7516459.86
1989,O,8.00,0.00,313531.30,7516090.82
1989,O,26.00,0.00,308255.33,7513697.16
1989,O,9.00,0.00,311451.33,7512955.20
1989,O,36.00,1.00,307825.18,7502171.46
1989,O,11.00,0.00,307794.94,7501718.19
1989,O,5.00,0.00,302844.50,7498647.13
1989,O,18.00,0.00,301054.74,7497470.17
1989,O,11.00,2.00,292989.16,7495780.07
1989,O,9.00,0.00,292850.39,7495533.83
1989,BH,322.00,31.00,325775.81,7417637.58
